1/3

PUT
./wrk -c 64 -d 4m -t1 -s ../../2020-highload-dht/profiler/scripts/putS1.lua --latency -R2000 http://localhost:8080
Running 4m test @ http://localhost:8080
  1 threads and 64 connections
  Thread calibration: mean lat.: 0.875ms, rate sampling interval: 10ms
  Thread Stats   Avg      Stdev     Max   +/- Stdev
    Latency     0.86ms  440.81us  14.82ms   68.81%
    Req/Sec     2.16k   132.33     3.33k    65.07%
  Latency Distribution (HdrHistogram - Recorded Latency)
 50.000%    0.85ms
 75.000%    1.15ms
 90.000%    1.38ms
 99.000%    1.91ms
 99.900%    3.71ms
 99.990%    6.34ms
 99.999%   10.44ms
100.000%   14.82ms

  Detailed Percentile spectrum:
       Value   Percentile   TotalCount 1/(1-Percentile)

       0.074     0.000000            2         1.00
       0.302     0.100000        46129         1.11
       0.463     0.200000        91897         1.25
       0.606     0.300000       137963         1.43
       0.731     0.400000       183811         1.67
       0.850     0.500000       230013         2.00
       0.909     0.550000       252659         2.22
       0.966     0.600000       275877         2.50
       1.024     0.650000       298767         2.86
       1.087     0.700000       321802         3.33
       1.153     0.750000       344865         4.00
       1.185     0.775000       356033         4.44
       1.219     0.800000       367753         5.00
       1.252     0.825000       379191         5.71
       1.286     0.850000       390483         6.67
       1.325     0.875000       402084         8.00
       1.348     0.887500       407770         8.89
       1.377     0.900000       413502        10.00
       1.415     0.912500       419229        11.43
       1.464     0.925000       424935        13.33
       1.526     0.937500       430714        16.00
       1.557     0.943750       433547        17.78
       1.591     0.950000       436417        20.00
       1.627     0.956250       439275        22.86
       1.665     0.962500       442181        26.67
       1.710     0.968750       445045        32.00
       1.734     0.971875       446488        35.56
       1.761     0.975000       447928        40.00
       1.787     0.978125       449330        45.71
       1.815     0.981250       450770        53.33
       1.845     0.984375       452202        64.00
       1.860     0.985938       452911        71.11
       1.879     0.987500       453654        80.00
       1.899     0.989062       454376        91.43
       1.921     0.990625       455059       106.67
       1.947     0.992188       455792       128.00
       1.960     0.992969       456148       142.22
       1.975     0.993750       456511       160.00
       1.993     0.994531       456873       182.86
       2.018     0.995313       457220       213.33
       2.045     0.996094       457574       256.00
       2.061     0.996484       457758       284.44
       2.079     0.996875       457939       320.00
       2.101     0.997266       458113       365.71
       2.139     0.997656       458289       426.67
       2.261     0.998047       458466       512.00
       2.511     0.998242       458555       568.89
       2.769     0.998437       458645       640.00
       3.041     0.998633       458734       731.43
       3.403     0.998828       458824       853.33
       3.751     0.999023       458914      1024.00
       3.917     0.999121       458959      1137.78
       4.183     0.999219       459004      1280.00
       4.391     0.999316       459048      1462.86
       4.615     0.999414       459095      1706.67
       4.847     0.999512       459138      2048.00
       5.019     0.999561       459161      2275.56
       5.147     0.999609       459183      2560.00
       5.295     0.999658       459206      2925.71
       5.463     0.999707       459228      3413.33
       5.663     0.999756       459250      4096.00
       5.783     0.999780       459262      4551.11
       5.843     0.999805       459273      5120.00
       5.975     0.999829       459284      5851.43
       6.075     0.999854       459295      6826.67
       6.295     0.999878       459306      8192.00
       6.311     0.999890       459312      9102.22
       6.415     0.999902       459318     10240.00
       6.491     0.999915       459323     11702.86
       6.739     0.999927       459329     13653.33
       6.831     0.999939       459334     16384.00
       6.867     0.999945       459337     18204.44
       6.927     0.999951       459340     20480.00
       7.063     0.999957       459343     23405.71
       7.147     0.999963       459346     27306.67
       7.567     0.999969       459348     32768.00
       7.667     0.999973       459350     36408.89
       7.703     0.999976       459351     40960.00
       8.463     0.999979       459353     46811.43
       8.519     0.999982       459354     54613.33
       9.551     0.999985       459355     65536.00
      10.183     0.999986       459356     72817.78
      10.439     0.999988       459357     81920.00
      11.711     0.999989       459358     93622.86
      11.711     0.999991       459358    109226.67
      12.719     0.999992       459359    131072.00
      12.719     0.999993       459359    145635.56
      13.023     0.999994       459360    163840.00
      13.023     0.999995       459360    187245.71
      13.023     0.999995       459360    218453.33
      14.287     0.999996       459361    262144.00
      14.287     0.999997       459361    291271.11
      14.287     0.999997       459361    327680.00
      14.287     0.999997       459361    374491.43
      14.287     0.999998       459361    436906.67
      14.823     0.999998       459362    524288.00
      14.823     1.000000       459362          inf
#[Mean    =        0.864, StdDeviation   =        0.441]
#[Max     =       14.816, Total count    =       459362]
#[Buckets =           27, SubBuckets     =         2048]
----------------------------------------------------------
  479716 requests in 4.00m, 30.65MB read
Requests/sec:   1998.81
Transfer/sec:    130.78KB

GET

./wrk -c 64 -d 4m -t1 -s ../../2020-highload-dht/profiler/scripts/getS1.lua --latency -R2000 http://localhost:8080
Running 4m test @ http://localhost:8080
  1 threads and 64 connections
  Thread calibration: mean lat.: 1.320ms, rate sampling interval: 10ms
  Thread Stats   Avg      Stdev     Max   +/- Stdev
    Latency     1.30ms  519.95us  16.11ms   63.77%
    Req/Sec     2.11k   123.34     3.50k    85.90%
  Latency Distribution (HdrHistogram - Recorded Latency)
 50.000%    1.24ms
 75.000%    1.67ms
 90.000%    2.01ms
 99.000%    2.46ms
 99.900%    3.44ms
 99.990%    6.79ms
 99.999%   11.24ms
100.000%   16.12ms

  Detailed Percentile spectrum:
       Value   Percentile   TotalCount 1/(1-Percentile)

       0.263     0.000000            1         1.00
       0.658     0.100000        46111         1.11
       0.808     0.200000        92186         1.25
       0.950     0.300000       137965         1.43
       1.099     0.400000       183903         1.67
       1.243     0.500000       229904         2.00
       1.314     0.550000       252649         2.22
       1.390     0.600000       275652         2.50
       1.474     0.650000       298772         2.86
       1.567     0.700000       321655         3.33
       1.671     0.750000       344653         4.00
       1.726     0.775000       356047         4.44
       1.782     0.800000       367492         5.00
       1.839     0.825000       379106         5.71
       1.896     0.850000       390515         6.67
       1.952     0.875000       401956         8.00
       1.982     0.887500       407797         8.89
       2.012     0.900000       413430        10.00
       2.045     0.912500       419258        11.43
       2.081     0.925000       425153        13.33
       2.119     0.937500       430745        16.00
       2.141     0.943750       433710        17.78
       2.163     0.950000       436410        20.00
       2.189     0.956250       439273        22.86
       2.221     0.962500       442278        26.67
       2.255     0.968750       445179        32.00
       2.275     0.971875       446568        35.56
       2.295     0.975000       447945        40.00
       2.319     0.978125       449381        45.71
       2.347     0.981250       450770        53.33
       2.381     0.984375       452227        64.00
       2.401     0.985938       452961        71.11
       2.421     0.987500       453680        80.00
       2.447     0.989062       454399        91.43
       2.473     0.990625       455056       106.67
       2.509     0.992188       455775       128.00
       2.533     0.992969       456163       142.22
       2.555     0.993750       456500       160.00
       2.579     0.994531       456850       182.86
       2.611     0.995313       457211       213.33
       2.653     0.996094       457581       256.00
       2.679     0.996484       457752       284.44
       2.713     0.996875       457927       320.00
       2.751     0.997266       458119       365.71
       2.799     0.997656       458289       426.67
       2.883     0.998047       458467       512.00
       2.931     0.998242       458554       568.89
       3.007     0.998437       458644       640.00
       3.095     0.998633       458733       731.43
       3.231     0.998828       458823       853.33
       3.465     0.999023       458913      1024.00
       3.599     0.999121       458959      1137.78
       3.803     0.999219       459003      1280.00
       4.043     0.999316       459047      1462.86
       4.251     0.999414       459092      1706.67
       4.479     0.999512       459138      2048.00
       4.615     0.999561       459160      2275.56
       4.827     0.999609       459182      2560.00
       4.967     0.999658       459205      2925.71
       5.123     0.999707       459228      3413.33
       5.367     0.999756       459249      4096.00
       5.575     0.999780       459261      4551.11
       5.727     0.999805       459272      5120.00
       5.843     0.999829       459283      5851.43
       6.123     0.999854       459294      6826.67
       6.419     0.999878       459305      8192.00
       6.559     0.999890       459311      9102.22
       6.903     0.999902       459317     10240.00
       7.043     0.999915       459322     11702.86
       7.419     0.999927       459328     13653.33
       7.651     0.999939       459333     16384.00
       8.019     0.999945       459336     18204.44
       8.231     0.999951       459339     20480.00
       8.319     0.999957       459342     23405.71
       8.527     0.999963       459345     27306.67
       8.575     0.999969       459347     32768.00
       9.223     0.999973       459350     36408.89
       9.223     0.999976       459350     40960.00
       9.583     0.999979       459352     46811.43
       9.951     0.999982       459353     54613.33
      10.191     0.999985       459354     65536.00
      10.223     0.999986       459355     72817.78
      11.239     0.999988       459356     81920.00
      11.263     0.999989       459357     93622.86
      11.263     0.999991       459357    109226.67
      11.639     0.999992       459358    131072.00
      11.639     0.999993       459358    145635.56
      12.863     0.999994       459359    163840.00
      12.863     0.999995       459359    187245.71
      12.863     0.999995       459359    218453.33
      14.887     0.999996       459360    262144.00
      14.887     0.999997       459360    291271.11
      14.887     0.999997       459360    327680.00
      14.887     0.999997       459360    374491.43
      14.887     0.999998       459360    436906.67
      16.119     0.999998       459361    524288.00
      16.119     1.000000       459361          inf
#[Mean    =        1.296, StdDeviation   =        0.520]
#[Max     =       16.112, Total count    =       459361]
#[Buckets =           27, SubBuckets     =         2048]
----------------------------------------------------------
  479716 requests in 4.00m, 33.74MB read
Requests/sec:   1998.82
Transfer/sec:    143.95KB

