  
wrk -t4 -c100 -d15m -R5000 -s /home/valaubr/GitDirs/2020-highload-dht/src/test/wrkAndProfile/scripts/put.lua --latency http://127.0.0.1:8080 
Running 15m test @ http://127.0.0.1:8080
  4 threads and 100 connections
  Thread calibration: mean lat.: 1.681ms, rate sampling interval: 10ms
  Thread calibration: mean lat.: 2.602ms, rate sampling interval: 13ms
  Thread calibration: mean lat.: 2.497ms, rate sampling interval: 12ms
  Thread calibration: mean lat.: 2.327ms, rate sampling interval: 13ms
  Thread Stats   Avg      Stdev     Max   +/- Stdev
    Latency     0.92ms    2.17ms  92.86ms   97.32%
    Req/Sec   222.99    163.14     3.44k    61.89%
  Latency Distribution (HdrHistogram - Recorded Latency)
 50.000%  674.00us
 75.000%    1.08ms
 90.000%    1.16ms
 99.000%    8.93ms
 99.900%   30.74ms
 99.990%   70.21ms
 99.999%   89.47ms
100.000%   92.93ms

  Detailed Percentile spectrum:
       Value   Percentile   TotalCount 1/(1-Percentile)

       0.121     0.000000            3         1.00
       0.183     0.100000        71323         1.11
       0.267     0.200000       143926         1.25
       0.352     0.300000       213849         1.43
       0.498     0.400000       285198         1.67
       0.674     0.500000       356944         2.00
       0.777     0.550000       392077         2.22
       0.814     0.600000       428053         2.50
       0.837     0.650000       462890         2.86
       1.057     0.700000       498416         3.33
       1.082     0.750000       535565         4.00
       1.090     0.775000       553139         4.44
       1.101     0.800000       569947         5.00
       1.116     0.825000       587547         5.71
       1.128     0.850000       605126         6.67
       1.141     0.875000       623359         8.00
       1.148     0.887500       632159         8.89
       1.157     0.900000       641387        10.00
       1.170     0.912500       649904        11.43
       1.196     0.925000       658570        13.33
       1.235     0.937500       667475        16.00
       1.258     0.943750       671997        17.78
       1.285     0.950000       676323        20.00
       1.317     0.956250       680852        22.86
       1.480     0.962500       685214        26.67
       2.233     0.968750       689662        32.00
       2.823     0.971875       691881        35.56
       3.421     0.975000       694107        40.00
       4.227     0.978125       696330        45.71
       5.023     0.981250       698558        53.33
       5.995     0.984375       700782        64.00
       6.599     0.985938       701891        71.11
       7.351     0.987500       703010        80.00
       8.255     0.989062       704118        91.43
       9.343     0.990625       705235       106.67
      10.487     0.992188       706346       128.00
      11.087     0.992969       706901       142.22
      11.647     0.993750       707456       160.00
      12.351     0.994531       708012       182.86
      13.495     0.995313       708565       213.33
      15.159     0.996094       709128       256.00
      15.535     0.996484       709400       284.44
      16.303     0.996875       709678       320.00
      17.343     0.997266       709957       365.71
      19.279     0.997656       710236       426.67
      21.039     0.998047       710512       512.00
      22.191     0.998242       710655       568.89
      24.127     0.998437       710793       640.00
      25.551     0.998633       710929       731.43
      28.063     0.998828       711068       853.33
      31.103     0.999023       711208      1024.00
      32.431     0.999121       711277      1137.78
      34.975     0.999219       711346      1280.00
      36.831     0.999316       711416      1462.86
      40.255     0.999414       711485      1706.67
      43.743     0.999512       711558      2048.00
      45.119     0.999561       711590      2275.56
      46.815     0.999609       711624      2560.00
      49.151     0.999658       711659      2925.71
      51.839     0.999707       711694      3413.33
      55.679     0.999756       711729      4096.00
      58.591     0.999780       711746      4551.11
      59.903     0.999805       711763      5120.00
      62.335     0.999829       711781      5851.43
      64.511     0.999854       711798      6826.67
      66.879     0.999878       711816      8192.00
      68.927     0.999890       711824      9102.22
      70.719     0.999902       711834     10240.00
      72.063     0.999915       711842     11702.86
      73.087     0.999927       711850     13653.33
      75.519     0.999939       711859     16384.00
      76.863     0.999945       711863     18204.44
      79.807     0.999951       711868     20480.00
      80.639     0.999957       711872     23405.71
      81.343     0.999963       711876     27306.67
      82.239     0.999969       711881     32768.00
      82.623     0.999973       711883     36408.89
      83.007     0.999976       711885     40960.00
      83.135     0.999979       711888     46811.43
      83.327     0.999982       711889     54613.33
      87.103     0.999985       711892     65536.00
      87.615     0.999986       711893     72817.78
      88.639     0.999988       711894     81920.00
      89.471     0.999989       711896     93622.86
      89.471     0.999991       711896    109226.67
      90.303     0.999992       711897    131072.00
      91.519     0.999993       711898    145635.56
      91.519     0.999994       711898    163840.00
      91.711     0.999995       711899    187245.71
      91.711     0.999995       711899    218453.33
      91.775     0.999996       711900    262144.00
      91.775     0.999997       711900    291271.11
      91.775     0.999997       711900    327680.00
      92.415     0.999997       711901    374491.43
      92.415     0.999998       711901    436906.67
      92.415     0.999998       711901    524288.00
      92.415     0.999998       711901    582542.22
      92.415     0.999998       711901    655360.00
      92.927     0.999999       711902    748982.86
      92.927     1.000000       711902          inf
#[Mean    =        0.919, StdDeviation   =        2.173]
#[Max     =       92.864, Total count    =       711902]
#[Buckets =           27, SubBuckets     =         2048]
----------------------------------------------------------
  725167 requests in 15.00m, 46.34MB read
  Socket errors: connect 0, read 0, write 0, timeout 37617
Requests/sec:    805.73
Transfer/sec:     52.72KB
