wrk -t4 -c100 -d10m -R6000 -s wrkAndProfile/scripts/put.lua --latency http://127.0.0.1:8080    
Running 10m test @ http://127.0.0.1:8080
  4 threads and 100 connections
  Thread calibration: mean lat.: 1.004ms, rate sampling interval: 10ms
  Thread calibration: mean lat.: 1.022ms, rate sampling interval: 10ms
  Thread calibration: mean lat.: 1.028ms, rate sampling interval: 10ms
  Thread calibration: mean lat.: 1.021ms, rate sampling interval: 10ms
  Thread Stats   Avg      Stdev     Max   +/- Stdev
    Latency     1.44ms   16.85ms   1.00s    99.91%
    Req/Sec     1.58k   185.14     5.55k    81.42%
  Latency Distribution (HdrHistogram - Recorded Latency)
 50.000%    0.96ms
 75.000%    1.28ms
 90.000%    1.56ms
 99.000%    2.63ms
 99.900%   15.70ms
 99.990%  883.71ms
 99.999%  988.67ms
100.000%    1.01s 

  Detailed Percentile spectrum:
       Value   Percentile   TotalCount 1/(1-Percentile)

       0.040     0.000000            1         1.00
       0.391     0.100000       354577         1.11
       0.554     0.200000       708166         1.25
       0.702     0.300000      1062689         1.43
       0.837     0.400000      1418052         1.67
       0.961     0.500000      1770648         2.00
       1.025     0.550000      1948563         2.22
       1.089     0.600000      2125089         2.50
       1.153     0.650000      2303199         2.86
       1.217     0.700000      2479503         3.33
       1.284     0.750000      2655358         4.00
       1.320     0.775000      2743228         4.44
       1.358     0.800000      2831603         5.00
       1.399     0.825000      2920485         5.71
       1.444     0.850000      3009614         6.67
       1.495     0.875000      3097333         8.00
       1.524     0.887500      3141157         8.89
       1.557     0.900000      3185857        10.00
       1.594     0.912500      3229993        11.43
       1.637     0.925000      3273906        13.33
       1.690     0.937500      3318642        16.00
       1.720     0.943750      3340407        17.78
       1.754     0.950000      3362293        20.00
       1.793     0.956250      3384949        22.86
       1.836     0.962500      3406641        26.67
       1.888     0.968750      3428933        32.00
       1.918     0.971875      3439887        35.56
       1.952     0.975000      3450849        40.00
       1.994     0.978125      3461848        45.71
       2.049     0.981250      3473008        53.33
       2.125     0.984375      3484077        64.00
       2.179     0.985938      3489566        71.11
       2.259     0.987500      3495040        80.00
       2.425     0.989062      3500541        91.43
       2.831     0.990625      3506074       106.67
       3.451     0.992188      3511596       128.00
       3.865     0.992969      3514360       142.22
       4.363     0.993750      3517140       160.00
       4.951     0.994531      3519896       182.86
       5.723     0.995313      3522662       213.33
       6.719     0.996094      3525416       256.00
       7.259     0.996484      3526812       284.44
       7.835     0.996875      3528181       320.00
       8.503     0.997266      3529573       365.71
       9.183     0.997656      3530954       426.67
      10.183     0.998047      3532332       512.00
      10.815     0.998242      3533025       568.89
      11.519     0.998437      3533715       640.00
      12.359     0.998633      3534406       731.43
      13.535     0.998828      3535097       853.33
      16.103     0.999023      3535785      1024.00
      19.119     0.999121      3536132      1137.78
      79.551     0.999219      3536476      1280.00
     195.839     0.999316      3536822      1462.86
     311.551     0.999414      3537168      1706.67
     425.983     0.999512      3537513      2048.00
     483.839     0.999561      3537686      2275.56
     541.183     0.999609      3537860      2560.00
     598.527     0.999658      3538032      2925.71
     657.407     0.999707      3538207      3413.33
     714.751     0.999756      3538377      4096.00
     743.423     0.999780      3538465      4551.11
     772.607     0.999805      3538551      5120.00
     800.767     0.999829      3538637      5851.43
     829.951     0.999854      3538723      6826.67
     858.111     0.999878      3538809      8192.00
     872.447     0.999890      3538853      9102.22
     886.783     0.999902      3538896     10240.00
     901.119     0.999915      3538939     11702.86
     914.943     0.999927      3538982     13653.33
     929.791     0.999939      3539026     16384.00
     937.471     0.999945      3539047     18204.44
     945.151     0.999951      3539071     20480.00
     951.807     0.999957      3539090     23405.71
     958.975     0.999963      3539112     27306.67
     965.631     0.999969      3539133     32768.00
     970.239     0.999973      3539144     36408.89
     972.799     0.999976      3539155     40960.00
     976.895     0.999979      3539166     46811.43
     980.479     0.999982      3539178     54613.33
     983.551     0.999985      3539187     65536.00
     985.599     0.999986      3539194     72817.78
     987.647     0.999988      3539199     81920.00
     988.671     0.999989      3539206     93622.86
     990.719     0.999991      3539210    109226.67
     992.255     0.999992      3539216    131072.00
     992.767     0.999993      3539217    145635.56
     994.815     0.999994      3539222    163840.00
     995.327     0.999995      3539224    187245.71
     995.839     0.999995      3539226    218453.33
     996.863     0.999996      3539228    262144.00
     997.375     0.999997      3539230    291271.11
     998.911     0.999997      3539231    327680.00
     999.423     0.999997      3539232    374491.43
     999.935     0.999998      3539233    436906.67
    1001.471     0.999998      3539235    524288.00
    1001.471     0.999998      3539235    582542.22
    1001.983     0.999998      3539236    655360.00
    1003.519     0.999999      3539238    748982.86
    1003.519     0.999999      3539238    873813.33
    1003.519     0.999999      3539238   1048576.00
    1003.519     0.999999      3539238   1165084.44
    1004.543     0.999999      3539240   1310720.00
    1004.543     0.999999      3539240   1497965.71
    1004.543     0.999999      3539240   1747626.67
    1004.543     1.000000      3539240   2097152.00
    1004.543     1.000000      3539240   2330168.89
    1004.543     1.000000      3539240   2621440.00
    1004.543     1.000000      3539240   2995931.43
    1004.543     1.000000      3539240   3495253.33
    1005.055     1.000000      3539241   4194304.00
    1005.055     1.000000      3539241          inf
#[Mean    =        1.438, StdDeviation   =       16.849]
#[Max     =     1004.544, Total count    =      3539241]
#[Buckets =           27, SubBuckets     =         2048]
----------------------------------------------------------
  3599678 requests in 10.00m, 230.01MB read
Requests/sec:   5999.46
Transfer/sec:    392.54KB
