3/3
PUT

./wrk -c 64 -d 4m -t1 -s ../../2020-highload-dht/profiler/scripts/putS3.lua --latency -R2000 http://localhost:8080
Running 4m test @ http://localhost:8080
  1 threads and 64 connections
  Thread calibration: mean lat.: 0.885ms, rate sampling interval: 10ms
  Thread Stats   Avg      Stdev     Max   +/- Stdev
    Latency     0.87ms  439.97us  15.23ms   67.81%
    Req/Sec     2.07k   128.24     3.50k    62.36%
  Latency Distribution (HdrHistogram - Recorded Latency)
 50.000%    0.86ms
 75.000%    1.17ms
 90.000%    1.39ms
 99.000%    1.82ms
 99.900%    4.57ms
 99.990%    7.25ms
 99.999%    9.62ms
100.000%   15.24ms

  Detailed Percentile spectrum:
       Value   Percentile   TotalCount 1/(1-Percentile)

       0.108     0.000000            1         1.00
       0.331     0.100000        46216         1.11
       0.465     0.200000        91898         1.25
       0.602     0.300000       138048         1.43
       0.728     0.400000       184058         1.67
       0.858     0.500000       229726         2.00
       0.924     0.550000       252789         2.22
       0.988     0.600000       275755         2.50
       1.051     0.650000       298633         2.86
       1.114     0.700000       321768         3.33
       1.175     0.750000       344552         4.00
       1.207     0.775000       356201         4.44
       1.239     0.800000       367712         5.00
       1.273     0.825000       379214         5.71
       1.310     0.850000       390520         6.67
       1.350     0.875000       402188         8.00
       1.369     0.887500       407681         8.89
       1.389     0.900000       413553        10.00
       1.409     0.912500       419351        11.43
       1.430     0.925000       424999        13.33
       1.454     0.937500       430779        16.00
       1.468     0.943750       433591        17.78
       1.485     0.950000       436539        20.00
       1.504     0.956250       439303        22.86
       1.530     0.962500       442212        26.67
       1.566     0.968750       445024        32.00
       1.588     0.971875       446492        35.56
       1.614     0.975000       447891        40.00
       1.646     0.978125       449336        45.71
       1.682     0.981250       450777        53.33
       1.723     0.984375       452182        64.00
       1.746     0.985938       452907        71.11
       1.770     0.987500       453633        80.00
       1.799     0.989062       454346        91.43
       1.836     0.990625       455058       106.67
       1.882     0.992188       455782       128.00
       1.906     0.992969       456130       142.22
       1.931     0.993750       456496       160.00
       1.960     0.994531       456851       182.86
       1.998     0.995313       457209       213.33
       2.059     0.996094       457573       256.00
       2.107     0.996484       457751       284.44
       2.161     0.996875       457924       320.00
       2.269     0.997266       458101       365.71
       2.563     0.997656       458281       426.67
       3.015     0.998047       458460       512.00
       3.283     0.998242       458550       568.89
       3.617     0.998437       458640       640.00
       3.913     0.998633       458730       731.43
       4.247     0.998828       458819       853.33
       4.607     0.999023       458909      1024.00
       4.823     0.999121       458954      1137.78
       5.063     0.999219       459001      1280.00
       5.247     0.999316       459043      1462.86
       5.507     0.999414       459089      1706.67
       5.759     0.999512       459133      2048.00
       5.903     0.999561       459156      2275.56
       6.031     0.999609       459180      2560.00
       6.151     0.999658       459201      2925.71
       6.371     0.999707       459223      3413.33
       6.543     0.999756       459245      4096.00
       6.631     0.999780       459257      4551.11
       6.707     0.999805       459268      5120.00
       6.819     0.999829       459279      5851.43
       6.903     0.999854       459292      6826.67
       7.051     0.999878       459301      8192.00
       7.147     0.999890       459307      9102.22
       7.271     0.999902       459313     10240.00
       7.387     0.999915       459318     11702.86
       7.563     0.999927       459324     13653.33
       7.675     0.999939       459329     16384.00
       7.791     0.999945       459332     18204.44
       7.959     0.999951       459335     20480.00
       8.279     0.999957       459338     23405.71
       8.543     0.999963       459341     27306.67
       8.607     0.999969       459343     32768.00
       9.031     0.999973       459345     36408.89
       9.151     0.999976       459346     40960.00
       9.271     0.999979       459348     46811.43
       9.319     0.999982       459349     54613.33
       9.391     0.999985       459350     65536.00
       9.479     0.999986       459351     72817.78
       9.623     0.999988       459352     81920.00
      10.287     0.999989       459353     93622.86
      10.287     0.999991       459353    109226.67
      10.479     0.999992       459354    131072.00
      10.479     0.999993       459354    145635.56
      10.903     0.999994       459355    163840.00
      10.903     0.999995       459355    187245.71
      10.903     0.999995       459355    218453.33
      12.271     0.999996       459356    262144.00
      12.271     0.999997       459356    291271.11
      12.271     0.999997       459356    327680.00
      12.271     0.999997       459356    374491.43
      12.271     0.999998       459356    436906.67
      15.239     0.999998       459357    524288.00
      15.239     1.000000       459357          inf
#[Mean    =        0.872, StdDeviation   =        0.440]
#[Max     =       15.232, Total count    =       459357]
#[Buckets =           27, SubBuckets     =         2048]
----------------------------------------------------------
  479713 requests in 4.00m, 30.65MB read
Requests/sec:   1998.80
Transfer/sec:    130.78KB

GET

./wrk -c 64 -d 4m -t1 -s ../../2020-highload-dht/profiler/scripts/getS3.lua --latency -R2000 http://localhost:8080
Running 4m test @ http://localhost:8080
  1 threads and 64 connections
  Thread calibration: mean lat.: 1.216ms, rate sampling interval: 10ms
  Thread Stats   Avg      Stdev     Max   +/- Stdev
    Latency     1.21ms  513.31us  15.41ms   66.28%
    Req/Sec     2.11k   136.18     4.33k    81.96%
  Latency Distribution (HdrHistogram - Recorded Latency)
 50.000%    1.18ms
 75.000%    1.57ms
 90.000%    1.85ms
 99.000%    2.31ms
 99.900%    3.90ms
 99.990%    9.12ms
 99.999%   13.26ms
100.000%   15.41ms

  Detailed Percentile spectrum:
       Value   Percentile   TotalCount 1/(1-Percentile)

       0.193     0.000000            1         1.00
       0.570     0.100000        46169         1.11
       0.729     0.200000        91923         1.25
       0.877     0.300000       137814         1.43
       1.030     0.400000       184011         1.67
       1.179     0.500000       229913         2.00
       1.255     0.550000       252915         2.22
       1.331     0.600000       275688         2.50
       1.409     0.650000       298715         2.86
       1.487     0.700000       321700         3.33
       1.568     0.750000       344560         4.00
       1.611     0.775000       356218         4.44
       1.654     0.800000       367698         5.00
       1.698     0.825000       379037         5.71
       1.744     0.850000       390474         6.67
       1.794     0.875000       402056         8.00
       1.821     0.887500       407870         8.89
       1.849     0.900000       413507        10.00
       1.881     0.912500       419339        11.43
       1.915     0.925000       425038        13.33
       1.954     0.937500       430754        16.00
       1.976     0.943750       433572        17.78
       2.000     0.950000       436462        20.00
       2.028     0.956250       439339        22.86
       2.059     0.962500       442246        26.67
       2.095     0.968750       445113        32.00
       2.115     0.971875       446493        35.56
       2.137     0.975000       447881        40.00
       2.163     0.978125       449356        45.71
       2.191     0.981250       450802        53.33
       2.225     0.984375       452251        64.00
       2.243     0.985938       452920        71.11
       2.265     0.987500       453652        80.00
       2.291     0.989062       454367        91.43
       2.321     0.990625       455098       106.67
       2.357     0.992188       455814       128.00
       2.377     0.992969       456134       142.22
       2.403     0.993750       456496       160.00
       2.435     0.994531       456852       182.86
       2.473     0.995313       457215       213.33
       2.533     0.996094       457569       256.00
       2.569     0.996484       457751       284.44
       2.619     0.996875       457927       320.00
       2.695     0.997266       458107       365.71
       2.807     0.997656       458285       426.67
       2.989     0.998047       458464       512.00
       3.119     0.998242       458556       568.89
       3.259     0.998437       458644       640.00
       3.425     0.998633       458733       731.43
       3.649     0.998828       458823       853.33
       3.937     0.999023       458914      1024.00
       4.061     0.999121       458958      1137.78
       4.231     0.999219       459003      1280.00
       4.543     0.999316       459047      1462.86
       4.907     0.999414       459092      1706.67
       5.367     0.999512       459137      2048.00
       5.659     0.999561       459161      2275.56
       5.975     0.999609       459182      2560.00
       6.311     0.999658       459204      2925.71
       6.671     0.999707       459227      3413.33
       7.139     0.999756       459250      4096.00
       7.367     0.999780       459261      4551.11
       7.683     0.999805       459272      5120.00
       7.923     0.999829       459283      5851.43
       8.279     0.999854       459294      6826.67
       8.807     0.999878       459305      8192.00
       9.063     0.999890       459311      9102.22
       9.383     0.999902       459317     10240.00
       9.631     0.999915       459322     11702.86
      10.007     0.999927       459328     13653.33
      10.279     0.999939       459333     16384.00
      10.623     0.999945       459336     18204.44
      10.855     0.999951       459339     20480.00
      11.087     0.999957       459342     23405.71
      11.471     0.999963       459345     27306.67
      11.919     0.999969       459347     32768.00
      12.159     0.999973       459349     36408.89
      12.247     0.999976       459350     40960.00
      12.327     0.999979       459352     46811.43
      12.431     0.999982       459353     54613.33
      12.887     0.999985       459354     65536.00
      13.183     0.999986       459355     72817.78
      13.255     0.999988       459356     81920.00
      13.359     0.999989       459357     93622.86
      13.359     0.999991       459357    109226.67
      14.343     0.999992       459358    131072.00
      14.343     0.999993       459358    145635.56
      14.407     0.999994       459359    163840.00
      14.407     0.999995       459359    187245.71
      14.407     0.999995       459359    218453.33
      15.287     0.999996       459360    262144.00
      15.287     0.999997       459360    291271.11
      15.287     0.999997       459360    327680.00
      15.287     0.999997       459360    374491.43
      15.287     0.999998       459360    436906.67
      15.415     0.999998       459361    524288.00
      15.415     1.000000       459361          inf
#[Mean    =        1.205, StdDeviation   =        0.513]
#[Max     =       15.408, Total count    =       459361]
#[Buckets =           27, SubBuckets     =         2048]
----------------------------------------------------------
  479715 requests in 4.00m, 33.74MB read
Requests/sec:   1998.81
Transfer/sec:    143.95KB