Running 20s test @ http://127.0.0.1:8080
  1 threads and 1 connections
  Thread calibration: mean lat.: 2.167ms, rate sampling interval: 10ms
  Thread Stats   Avg      Stdev     Max   +/- Stdev
    Latency     1.25ms  706.05us  10.39ms   70.73%
    Req/Sec     2.11k   207.24     3.56k    73.43%
  Latency Distribution (HdrHistogram - Recorded Latency)
 50.000%    1.21ms
 75.000%    1.65ms
 90.000%    2.10ms
 99.000%    2.95ms
 99.900%    8.02ms
 99.990%   10.11ms
 99.999%   10.40ms
100.000%   10.40ms

  Detailed Percentile spectrum:
       Value   Percentile   TotalCount 1/(1-Percentile)

       0.064     0.000000            1         1.00
       0.405     0.100000         2008         1.11
       0.662     0.200000         4002         1.25
       0.881     0.300000         6006         1.43
       1.062     0.400000         8004         1.67
       1.211     0.500000         9996         2.00
       1.284     0.550000        11001         2.22
       1.358     0.600000        11998         2.50
       1.439     0.650000        12993         2.86
       1.531     0.700000        13991         3.33
       1.648     0.750000        14996         4.00
       1.717     0.775000        15495         4.44
       1.789     0.800000        15992         5.00
       1.857     0.825000        16493         5.71
       1.928     0.850000        16991         6.67
       2.009     0.875000        17490         8.00
       2.053     0.887500        17746         8.89
       2.097     0.900000        17994        10.00
       2.137     0.912500        18244        11.43
       2.189     0.925000        18493        13.33
       2.239     0.937500        18741        16.00
       2.267     0.943750        18867        17.78
       2.297     0.950000        18988        20.00
       2.331     0.956250        19115        22.86
       2.371     0.962500        19242        26.67
       2.427     0.968750        19369        32.00
       2.449     0.971875        19426        35.56
       2.483     0.975000        19492        40.00
       2.519     0.978125        19550        45.71
       2.565     0.981250        19613        53.33
       2.641     0.984375        19674        64.00
       2.699     0.985938        19707        71.11
       2.763     0.987500        19737        80.00
       2.881     0.989062        19768        91.43
       2.989     0.990625        19799       106.67
       3.119     0.992188        19831       128.00
       3.247     0.992969        19846       142.22
       3.345     0.993750        19862       160.00
       3.485     0.994531        19877       182.86
       3.711     0.995313        19893       213.33
       3.951     0.996094        19908       256.00
       4.195     0.996484        19916       284.44
       4.411     0.996875        19924       320.00
       4.751     0.997266        19932       365.71
       5.175     0.997656        19940       426.67
       5.743     0.998047        19947       512.00
       6.335     0.998242        19951       568.89
       6.859     0.998437        19955       640.00
       7.591     0.998633        19959       731.43
       7.883     0.998828        19963       853.33
       8.035     0.999023        19967      1024.00
       8.151     0.999121        19969      1137.78
       8.175     0.999219        19971      1280.00
       8.279     0.999316        19973      1462.86
       8.679     0.999414        19975      1706.67
       8.879     0.999512        19977      2048.00
       9.079     0.999561        19978      2275.56
       9.279     0.999609        19979      2560.00
       9.471     0.999658        19980      2925.71
       9.679     0.999707        19981      3413.33
       9.847     0.999756        19982      4096.00
       9.847     0.999780        19982      4551.11
      10.071     0.999805        19983      5120.00
      10.071     0.999829        19983      5851.43
      10.111     0.999854        19984      6826.67
      10.111     0.999878        19984      8192.00
      10.111     0.999890        19984      9102.22
      10.135     0.999902        19985     10240.00
      10.135     0.999915        19985     11702.86
      10.135     0.999927        19985     13653.33
      10.135     0.999939        19985     16384.00
      10.135     0.999945        19985     18204.44
      10.399     0.999951        19986     20480.00
      10.399     1.000000        19986          inf
#[Mean    =        1.253, StdDeviation   =        0.706]
#[Max     =       10.392, Total count    =        19986]
#[Buckets =           27, SubBuckets     =         2048]
----------------------------------------------------------
  39995 requests in 20.00s, 2.59MB read
Requests/sec:   1999.86
Transfer/sec:    132.80KB

Running 20s test @ http://127.0.0.1:8080
  1 threads and 10 connections
  Thread calibration: mean lat.: 1.450ms, rate sampling interval: 10ms
  Thread Stats   Avg      Stdev     Max   +/- Stdev
    Latency     1.45ms  716.06us  12.27ms   72.78%
    Req/Sec     2.11k   325.04     4.44k    79.41%
  Latency Distribution (HdrHistogram - Recorded Latency)
 50.000%    1.38ms
 75.000%    1.89ms
 90.000%    2.27ms
 99.000%    3.04ms
 99.900%    7.45ms
 99.990%   11.81ms
 99.999%   12.28ms
100.000%   12.28ms

  Detailed Percentile spectrum:
       Value   Percentile   TotalCount 1/(1-Percentile)

       0.174     0.000000            2         1.00
       0.659     0.100000         2002         1.11
       0.840     0.200000         3983         1.25
       1.024     0.300000         5975         1.43
       1.195     0.400000         7965         1.67
       1.383     0.500000         9960         2.00
       1.481     0.550000        10946         2.22
       1.581     0.600000        11946         2.50
       1.682     0.650000        12939         2.86
       1.790     0.700000        13931         3.33
       1.894     0.750000        14930         4.00
       1.949     0.775000        15432         4.44
       2.004     0.800000        15930         5.00
       2.061     0.825000        16419         5.71
       2.123     0.850000        16924         6.67
       2.189     0.875000        17414         8.00
       2.231     0.887500        17669         8.89
       2.273     0.900000        17916        10.00
       2.315     0.912500        18168        11.43
       2.365     0.925000        18412        13.33
       2.421     0.937500        18660        16.00
       2.459     0.943750        18785        17.78
       2.499     0.950000        18906        20.00
       2.545     0.956250        19031        22.86
       2.597     0.962500        19155        26.67
       2.665     0.968750        19281        32.00
       2.707     0.971875        19343        35.56
       2.745     0.975000        19407        40.00
       2.787     0.978125        19466        45.71
       2.831     0.981250        19527        53.33
       2.895     0.984375        19590        64.00
       2.929     0.985938        19621        71.11
       2.973     0.987500        19652        80.00
       3.019     0.989062        19683        91.43
       3.059     0.990625        19714       106.67
       3.123     0.992188        19746       128.00
       3.181     0.992969        19761       142.22
       3.239     0.993750        19776       160.00
       3.311     0.994531        19792       182.86
       3.373     0.995313        19807       213.33
       3.647     0.996094        19823       256.00
       4.043     0.996484        19831       284.44
       4.723     0.996875        19838       320.00
       5.347     0.997266        19846       365.71
       5.567     0.997656        19854       426.67
       5.843     0.998047        19862       512.00
       6.043     0.998242        19866       568.89
       6.151     0.998437        19869       640.00
       6.659     0.998633        19873       731.43
       7.259     0.998828        19877       853.33
       7.447     0.999023        19881      1024.00
       9.703     0.999121        19883      1137.78
      10.039     0.999219        19885      1280.00
      10.351     0.999316        19887      1462.86
      10.583     0.999414        19889      1706.67
      11.023     0.999512        19891      2048.00
      11.271     0.999561        19892      2275.56
      11.311     0.999609        19893      2560.00
      11.551     0.999658        19894      2925.71
      11.647     0.999707        19895      3413.33
      11.655     0.999756        19896      4096.00
      11.655     0.999780        19896      4551.11
      11.783     0.999805        19897      5120.00
      11.783     0.999829        19897      5851.43
      11.815     0.999854        19898      6826.67
      11.815     0.999878        19898      8192.00
      11.815     0.999890        19898      9102.22
      12.111     0.999902        19899     10240.00
      12.111     0.999915        19899     11702.86
      12.111     0.999927        19899     13653.33
      12.111     0.999939        19899     16384.00
      12.111     0.999945        19899     18204.44
      12.279     0.999951        19900     20480.00
      12.279     1.000000        19900          inf
#[Mean    =        1.452, StdDeviation   =        0.716]
#[Max     =       12.272, Total count    =        19900]
#[Buckets =           27, SubBuckets     =         2048]
----------------------------------------------------------
  39960 requests in 20.00s, 2.59MB read
Requests/sec:   1997.69
Transfer/sec:    132.66KB

Running 20s test @ http://127.0.0.1:8080
  1 threads and 100 connections
  Thread calibration: mean lat.: 1.648ms, rate sampling interval: 10ms
  Thread Stats   Avg      Stdev     Max   +/- Stdev
    Latency     2.26ms    6.08ms  96.90ms   98.45%
    Req/Sec     2.13k   813.22    22.22k    91.24%
  Latency Distribution (HdrHistogram - Recorded Latency)
 50.000%    1.53ms
 75.000%    2.09ms
 90.000%    2.59ms
 99.000%   32.32ms
 99.900%   87.23ms
 99.990%   93.95ms
 99.999%   96.96ms
100.000%   96.96ms

  Detailed Percentile spectrum:
       Value   Percentile   TotalCount 1/(1-Percentile)

       0.129     0.000000            1         1.00
       0.738     0.100000         1901         1.11
       0.952     0.200000         3801         1.25
       1.141     0.300000         5702         1.43
       1.330     0.400000         7608         1.67
       1.532     0.500000         9506         2.00
       1.636     0.550000        10455         2.22
       1.755     0.600000        11409         2.50
       1.860     0.650000        12352         2.86
       1.976     0.700000        13302         3.33
       2.089     0.750000        14253         4.00
       2.155     0.775000        14732         4.44
       2.221     0.800000        15204         5.00
       2.299     0.825000        15689         5.71
       2.377     0.850000        16150         6.67
       2.469     0.875000        16628         8.00
       2.521     0.887500        16864         8.89
       2.585     0.900000        17101        10.00
       2.653     0.912500        17340        11.43
       2.747     0.925000        17576        13.33
       2.859     0.937500        17813        16.00
       2.931     0.943750        17932        17.78
       3.013     0.950000        18052        20.00
       3.091     0.956250        18170        22.86
       3.229     0.962500        18289        26.67
       3.379     0.968750        18407        32.00
       3.485     0.971875        18467        35.56
       3.633     0.975000        18525        40.00
       3.915     0.978125        18585        45.71
       4.451     0.981250        18644        53.33
       8.163     0.984375        18704        64.00
      16.127     0.985938        18733        71.11
      22.047     0.987500        18763        80.00
      30.895     0.989062        18793        91.43
      35.583     0.990625        18822       106.67
      41.119     0.992188        18852       128.00
      42.495     0.992969        18867       142.22
      46.943     0.993750        18882       160.00
      48.479     0.994531        18897       182.86
      52.895     0.995313        18911       213.33
      58.335     0.996094        18926       256.00
      63.135     0.996484        18934       284.44
      67.455     0.996875        18941       320.00
      68.607     0.997266        18949       365.71
      73.983     0.997656        18956       426.67
      77.951     0.998047        18963       512.00
      78.783     0.998242        18967       568.89
      82.943     0.998437        18971       640.00
      83.327     0.998633        18975       731.43
      85.951     0.998828        18978       853.33
      87.615     0.999023        18983      1024.00
      88.127     0.999121        18984      1137.78
      88.319     0.999219        18986      1280.00
      91.327     0.999316        18988      1462.86
      91.455     0.999414        18989      1706.67
      91.711     0.999512        18991      2048.00
      92.415     0.999561        18992      2275.56
      92.607     0.999609        18993      2560.00
      92.799     0.999658        18994      2925.71
      92.927     0.999707        18995      3413.33
      92.991     0.999756        18996      4096.00
      92.991     0.999780        18996      4551.11
      93.759     0.999805        18997      5120.00
      93.759     0.999829        18997      5851.43
      93.951     0.999854        18998      6826.67
      93.951     0.999878        18998      8192.00
      93.951     0.999890        18998      9102.22
      95.743     0.999902        18999     10240.00
      95.743     0.999915        18999     11702.86
      95.743     0.999927        18999     13653.33
      95.743     0.999939        18999     16384.00
      95.743     0.999945        18999     18204.44
      96.959     0.999951        19000     20480.00
      96.959     1.000000        19000          inf
#[Mean    =        2.264, StdDeviation   =        6.076]
#[Max     =       96.896, Total count    =        19000]
#[Buckets =           27, SubBuckets     =         2048]
----------------------------------------------------------
  39556 requests in 20.00s, 2.57MB read
Requests/sec:   1977.60
Transfer/sec:    131.32KB

Running 20s test @ http://127.0.0.1:8080
  1 threads and 1000 connections
  Thread calibration: mean lat.: 2.641ms, rate sampling interval: 10ms
  Thread Stats   Avg      Stdev     Max   +/- Stdev
    Latency     2.39ms    1.82ms  14.86ms   87.58%
    Req/Sec   566.85      1.81k   15.33k    93.17%
  Latency Distribution (HdrHistogram - Recorded Latency)
 50.000%    1.92ms
 75.000%    2.84ms
 90.000%    4.26ms
 99.000%   10.53ms
 99.900%   13.98ms
 99.990%   14.86ms
 99.999%   14.86ms
100.000%   14.86ms

  Detailed Percentile spectrum:
       Value   Percentile   TotalCount 1/(1-Percentile)

       0.257     0.000000            1         1.00
       0.886     0.100000          253         1.11
       1.179     0.200000          504         1.25
       1.399     0.300000          756         1.43
       1.645     0.400000         1008         1.67
       1.925     0.500000         1260         2.00
       2.069     0.550000         1386         2.22
       2.227     0.600000         1512         2.50
       2.409     0.650000         1640         2.86
       2.625     0.700000         1766         3.33
       2.835     0.750000         1890         4.00
       2.973     0.775000         1953         4.44
       3.155     0.800000         2017         5.00
       3.301     0.825000         2080         5.71
       3.547     0.850000         2142         6.67
       3.801     0.875000         2206         8.00
       3.999     0.887500         2237         8.89
       4.255     0.900000         2268        10.00
       4.479     0.912500         2300        11.43
       4.763     0.925000         2331        13.33
       5.207     0.937500         2363        16.00
       5.399     0.943750         2379        17.78
       5.671     0.950000         2394        20.00
       5.975     0.956250         2410        22.86
       6.371     0.962500         2426        26.67
       6.895     0.968750         2442        32.00
       7.215     0.971875         2450        35.56
       7.651     0.975000         2457        40.00
       8.067     0.978125         2465        45.71
       8.647     0.981250         2473        53.33
       9.279     0.984375         2481        64.00
       9.615     0.985938         2485        71.11
       9.967     0.987500         2489        80.00
      10.415     0.989062         2493        91.43
      10.823     0.990625         2497       106.67
      11.335     0.992188         2501       128.00
      11.687     0.992969         2503       142.22
      11.831     0.993750         2505       160.00
      12.119     0.994531         2507       182.86
      12.199     0.995313         2509       213.33
      12.679     0.996094         2511       256.00
      12.807     0.996484         2512       284.44
      13.303     0.996875         2513       320.00
      13.399     0.997266         2514       365.71
      13.551     0.997656         2515       426.67
      13.791     0.998047         2516       512.00
      13.791     0.998242         2516       568.89
      13.975     0.998437         2517       640.00
      13.975     0.998633         2517       731.43
      13.983     0.998828         2518       853.33
      13.983     0.999023         2518      1024.00
      13.983     0.999121         2518      1137.78
      14.543     0.999219         2519      1280.00
      14.543     0.999316         2519      1462.86
      14.543     0.999414         2519      1706.67
      14.543     0.999512         2519      2048.00
      14.543     0.999561         2519      2275.56
      14.863     0.999609         2520      2560.00
      14.863     1.000000         2520          inf
#[Mean    =        2.386, StdDeviation   =        1.818]
#[Max     =       14.856, Total count    =         2520]
#[Buckets =           27, SubBuckets     =         2048]
----------------------------------------------------------
  9577 requests in 20.01s, 635.97KB read
  Socket errors: connect 748, read 0, write 0, timeout 5236
Requests/sec:    478.71
Transfer/sec:     31.79KB