Running 20s test @ http://127.0.0.1:8080
  1 threads and 1 connections
  Thread calibration: mean lat.: 1.397ms, rate sampling interval: 10ms
  Thread Stats   Avg      Stdev     Max   +/- Stdev
    Latency     1.71ms    4.23ms  62.27ms   98.21%
    Req/Sec     2.13k   410.26     8.67k    94.59%
  Latency Distribution (HdrHistogram - Recorded Latency)
 50.000%    1.22ms
 75.000%    1.65ms
 90.000%    2.12ms
 99.000%   22.69ms
 99.900%   55.23ms
 99.990%   61.95ms
 99.999%   62.30ms
100.000%   62.30ms

  Detailed Percentile spectrum:
       Value   Percentile   TotalCount 1/(1-Percentile)

       0.083     0.000000            2         1.00
       0.415     0.100000         2001         1.11
       0.664     0.200000         4008         1.25
       0.886     0.300000         6005         1.43
       1.065     0.400000         7999         1.67
       1.220     0.500000        10001         2.00
       1.290     0.550000        11000         2.22
       1.365     0.600000        12000         2.50
       1.445     0.650000        12994         2.86
       1.538     0.700000        13997         3.33
       1.650     0.750000        14994         4.00
       1.720     0.775000        15495         4.44
       1.796     0.800000        15992         5.00
       1.875     0.825000        16497         5.71
       1.953     0.850000        16994         6.67
       2.033     0.875000        17493         8.00
       2.075     0.887500        17755         8.89
       2.121     0.900000        17992        10.00
       2.175     0.912500        18242        11.43
       2.229     0.925000        18494        13.33
       2.291     0.937500        18751        16.00
       2.329     0.943750        18873        17.78
       2.367     0.950000        18998        20.00
       2.403     0.956250        19117        22.86
       2.475     0.962500        19244        26.67
       2.553     0.968750        19367        32.00
       2.619     0.971875        19429        35.56
       2.781     0.975000        19493        40.00
       3.101     0.978125        19553        45.71
       5.107     0.981250        19616        53.33
       9.743     0.984375        19678        64.00
      12.055     0.985938        19709        71.11
      16.127     0.987500        19741        80.00
      19.695     0.989062        19772        91.43
      24.895     0.990625        19803       106.67
      30.207     0.992188        19834       128.00
      33.087     0.992969        19850       142.22
      36.159     0.993750        19866       160.00
      38.975     0.994531        19881       182.86
      41.823     0.995313        19897       213.33
      43.839     0.996094        19912       256.00
      44.959     0.996484        19920       284.44
      46.111     0.996875        19928       320.00
      47.423     0.997266        19936       365.71
      48.031     0.997656        19945       426.67
      48.767     0.998047        19951       512.00
      50.271     0.998242        19955       568.89
      51.839     0.998437        19959       640.00
      53.343     0.998633        19963       731.43
      54.783     0.998828        19967       853.33
      55.615     0.999023        19971      1024.00
      56.383     0.999121        19973      1137.78
      57.151     0.999219        19975      1280.00
      57.887     0.999316        19977      1462.86
      58.623     0.999414        19979      1706.67
      59.359     0.999512        19981      2048.00
      59.743     0.999561        19982      2275.56
      60.095     0.999609        19983      2560.00
      60.447     0.999658        19984      2925.71
      60.831     0.999707        19985      3413.33
      61.215     0.999756        19986      4096.00
      61.215     0.999780        19986      4551.11
      61.599     0.999805        19987      5120.00
      61.599     0.999829        19987      5851.43
      61.951     0.999854        19988      6826.67
      61.951     0.999878        19988      8192.00
      61.951     0.999890        19988      9102.22
      62.239     0.999902        19989     10240.00
      62.239     0.999915        19989     11702.86
      62.239     0.999927        19989     13653.33
      62.239     0.999939        19989     16384.00
      62.239     0.999945        19989     18204.44
      62.303     0.999951        19990     20480.00
      62.303     1.000000        19990          inf
#[Mean    =        1.715, StdDeviation   =        4.233]
#[Max     =       62.272, Total count    =        19990]
#[Buckets =           27, SubBuckets     =         2048]
----------------------------------------------------------
  39996 requests in 20.00s, 2.59MB read
Requests/sec:   1999.82
Transfer/sec:    132.80KB

Running 20s test @ http://127.0.0.1:8080
  1 threads and 10 connections
  Thread calibration: mean lat.: 1.583ms, rate sampling interval: 10ms
  Thread Stats   Avg      Stdev     Max   +/- Stdev
    Latency     1.54ms  656.53us   5.76ms   66.70%
    Req/Sec     2.11k   328.12     3.33k    73.31%
  Latency Distribution (HdrHistogram - Recorded Latency)
 50.000%    1.51ms
 75.000%    1.99ms
 90.000%    2.38ms
 99.000%    3.20ms
 99.900%    4.16ms
 99.990%    5.64ms
 99.999%    5.77ms
100.000%    5.77ms

  Detailed Percentile spectrum:
       Value   Percentile   TotalCount 1/(1-Percentile)

       0.115     0.000000            1         1.00
       0.709     0.100000         1990         1.11
       0.932     0.200000         3986         1.25
       1.128     0.300000         5973         1.43
       1.324     0.400000         7964         1.67
       1.511     0.500000         9958         2.00
       1.608     0.550000        10951         2.22
       1.704     0.600000        11947         2.50
       1.799     0.650000        12941         2.86
       1.894     0.700000        13930         3.33
       1.992     0.750000        14932         4.00
       2.046     0.775000        15423         4.44
       2.101     0.800000        15920         5.00
       2.157     0.825000        16426         5.71
       2.221     0.850000        16922         6.67
       2.297     0.875000        17414         8.00
       2.337     0.887500        17673         8.89
       2.381     0.900000        17920        10.00
       2.433     0.912500        18168        11.43
       2.487     0.925000        18414        13.33
       2.563     0.937500        18661        16.00
       2.607     0.943750        18785        17.78
       2.655     0.950000        18909        20.00
       2.711     0.956250        19030        22.86
       2.773     0.962500        19155        26.67
       2.835     0.968750        19283        32.00
       2.869     0.971875        19341        35.56
       2.901     0.975000        19405        40.00
       2.955     0.978125        19466        45.71
       3.015     0.981250        19527        53.33
       3.075     0.984375        19590        64.00
       3.105     0.985938        19623        71.11
       3.143     0.987500        19652        80.00
       3.183     0.989062        19684        91.43
       3.221     0.990625        19715       106.67
       3.283     0.992188        19746       128.00
       3.309     0.992969        19761       142.22
       3.365     0.993750        19776       160.00
       3.429     0.994531        19792       182.86
       3.483     0.995313        19807       213.33
       3.535     0.996094        19823       256.00
       3.559     0.996484        19831       284.44
       3.627     0.996875        19838       320.00
       3.679     0.997266        19846       365.71
       3.731     0.997656        19854       426.67
       3.813     0.998047        19862       512.00
       3.849     0.998242        19866       568.89
       3.891     0.998437        19869       640.00
       3.935     0.998633        19873       731.43
       3.963     0.998828        19877       853.33
       4.167     0.999023        19881      1024.00
       4.191     0.999121        19883      1137.78
       4.351     0.999219        19885      1280.00
       4.503     0.999316        19887      1462.86
       4.683     0.999414        19889      1706.67
       4.955     0.999512        19891      2048.00
       4.963     0.999561        19892      2275.56
       4.983     0.999609        19893      2560.00
       5.071     0.999658        19894      2925.71
       5.107     0.999707        19895      3413.33
       5.131     0.999756        19896      4096.00
       5.131     0.999780        19896      4551.11
       5.327     0.999805        19897      5120.00
       5.327     0.999829        19897      5851.43
       5.635     0.999854        19898      6826.67
       5.635     0.999878        19898      8192.00
       5.635     0.999890        19898      9102.22
       5.747     0.999902        19899     10240.00
       5.747     0.999915        19899     11702.86
       5.747     0.999927        19899     13653.33
       5.747     0.999939        19899     16384.00
       5.747     0.999945        19899     18204.44
       5.767     0.999951        19900     20480.00
       5.767     1.000000        19900          inf
#[Mean    =        1.543, StdDeviation   =        0.657]
#[Max     =        5.764, Total count    =        19900]
#[Buckets =           27, SubBuckets     =         2048]
----------------------------------------------------------
  39962 requests in 20.00s, 2.59MB read
Requests/sec:   1997.76
Transfer/sec:    132.66KB

Running 20s test @ http://127.0.0.1:8080
  1 threads and 100 connections
  Thread calibration: mean lat.: 2.651ms, rate sampling interval: 10ms
  Thread Stats   Avg      Stdev     Max   +/- Stdev
    Latency     2.02ms    3.52ms  56.19ms   97.75%
    Req/Sec     2.12k   497.62     7.92k    82.30%
  Latency Distribution (HdrHistogram - Recorded Latency)
 50.000%    1.54ms
 75.000%    2.08ms
 90.000%    2.71ms
 99.000%   20.35ms
 99.900%   49.63ms
 99.990%   55.94ms
 99.999%   56.22ms
100.000%   56.22ms

  Detailed Percentile spectrum:
       Value   Percentile   TotalCount 1/(1-Percentile)

       0.158     0.000000            1         1.00
       0.702     0.100000         1901         1.11
       0.933     0.200000         3802         1.25
       1.138     0.300000         5703         1.43
       1.340     0.400000         7600         1.67
       1.539     0.500000         9509         2.00
       1.637     0.550000        10453         2.22
       1.734     0.600000        11405         2.50
       1.841     0.650000        12358         2.86
       1.953     0.700000        13312         3.33
       2.079     0.750000        14265         4.00
       2.151     0.775000        14731         4.44
       2.229     0.800000        15204         5.00
       2.323     0.825000        15676         5.71
       2.427     0.850000        16152         6.67
       2.555     0.875000        16625         8.00
       2.629     0.887500        16863         8.89
       2.709     0.900000        17102        10.00
       2.823     0.912500        17342        11.43
       2.957     0.925000        17577        13.33
       3.141     0.937500        17813        16.00
       3.257     0.943750        17936        17.78
       3.377     0.950000        18053        20.00
       3.513     0.956250        18170        22.86
       3.747     0.962500        18288        26.67
       4.053     0.968750        18407        32.00
       4.347     0.971875        18466        35.56
       4.879     0.975000        18525        40.00
       5.739     0.978125        18585        45.71
       7.427     0.981250        18644        53.33
       8.999     0.984375        18704        64.00
      10.743     0.985938        18733        71.11
      13.951     0.987500        18763        80.00
      18.335     0.989062        18793        91.43
      21.407     0.990625        18822       106.67
      25.375     0.992188        18852       128.00
      26.191     0.992969        18867       142.22
      29.071     0.993750        18882       160.00
      30.735     0.994531        18897       182.86
      31.359     0.995313        18911       213.33
      33.375     0.996094        18926       256.00
      34.527     0.996484        18934       284.44
      35.487     0.996875        18941       320.00
      36.095     0.997266        18949       365.71
      39.231     0.997656        18956       426.67
      40.671     0.998047        18963       512.00
      41.151     0.998242        18967       568.89
      45.471     0.998437        18971       640.00
      46.015     0.998633        18975       731.43
      47.295     0.998828        18978       853.33
      49.695     0.999023        18982      1024.00
      50.623     0.999121        18984      1137.78
      50.815     0.999219        18986      1280.00
      50.911     0.999316        18988      1462.86
      51.135     0.999414        18989      1706.67
      54.687     0.999512        18991      2048.00
      55.583     0.999561        18993      2275.56
      55.583     0.999609        18993      2560.00
      55.775     0.999658        18994      2925.71
      55.839     0.999707        18995      3413.33
      55.935     0.999756        18998      4096.00
      55.935     0.999780        18998      4551.11
      55.935     0.999805        18998      5120.00
      55.935     0.999829        18998      5851.43
      55.935     0.999854        18998      6826.67
      55.935     0.999878        18998      8192.00
      55.935     0.999890        18998      9102.22
      56.095     0.999902        18999     10240.00
      56.095     0.999915        18999     11702.86
      56.095     0.999927        18999     13653.33
      56.095     0.999939        18999     16384.00
      56.095     0.999945        18999     18204.44
      56.223     0.999951        19000     20480.00
      56.223     1.000000        19000          inf
#[Mean    =        2.022, StdDeviation   =        3.519]
#[Max     =       56.192, Total count    =        19000]
#[Buckets =           27, SubBuckets     =         2048]
----------------------------------------------------------
  39555 requests in 20.00s, 2.57MB read
Requests/sec:   1977.56
Transfer/sec:    131.32KB

Running 20s test @ http://127.0.0.1:8080
  1 threads and 1000 connections
  Thread calibration: mean lat.: 2.577ms, rate sampling interval: 10ms
  Thread Stats   Avg      Stdev     Max   +/- Stdev
    Latency     1.80ms    0.86ms   7.18ms   69.05%
    Req/Sec   563.51      1.76k   10.22k    93.25%
  Latency Distribution (HdrHistogram - Recorded Latency)
 50.000%    1.67ms
 75.000%    2.32ms
 90.000%    2.96ms
 99.000%    4.19ms
 99.900%    6.39ms
 99.990%    7.18ms
 99.999%    7.18ms
100.000%    7.18ms

  Detailed Percentile spectrum:
       Value   Percentile   TotalCount 1/(1-Percentile)

       0.252     0.000000            1         1.00
       0.795     0.100000          252         1.11
       1.044     0.200000          504         1.25
       1.263     0.300000          756         1.43
       1.467     0.400000         1008         1.67
       1.666     0.500000         1261         2.00
       1.780     0.550000         1387         2.22
       1.907     0.600000         1512         2.50
       2.038     0.650000         1638         2.86
       2.167     0.700000         1765         3.33
       2.323     0.750000         1890         4.00
       2.405     0.775000         1956         4.44
       2.503     0.800000         2016         5.00
       2.597     0.825000         2079         5.71
       2.701     0.850000         2142         6.67
       2.833     0.875000         2205         8.00
       2.907     0.887500         2238         8.89
       2.963     0.900000         2268        10.00
       3.047     0.912500         2300        11.43
       3.129     0.925000         2331        13.33
       3.219     0.937500         2363        16.00
       3.271     0.943750         2380        17.78
       3.337     0.950000         2394        20.00
       3.409     0.956250         2411        22.86
       3.473     0.962500         2426        26.67
       3.539     0.968750         2442        32.00
       3.571     0.971875         2450        35.56
       3.609     0.975000         2458        40.00
       3.687     0.978125         2466        45.71
       3.761     0.981250         2473        53.33
       3.883     0.984375         2481        64.00
       4.031     0.985938         2485        71.11
       4.107     0.987500         2490        80.00
       4.139     0.989062         2493        91.43
       4.191     0.990625         2497       106.67
       4.327     0.992188         2501       128.00
       4.431     0.992969         2503       142.22
       4.539     0.993750         2505       160.00
       4.643     0.994531         2507       182.86
       4.799     0.995313         2509       213.33
       5.043     0.996094         2511       256.00
       5.211     0.996484         2512       284.44
       5.535     0.996875         2513       320.00
       5.907     0.997266         2514       365.71
       6.079     0.997656         2515       426.67
       6.183     0.998047         2516       512.00
       6.183     0.998242         2516       568.89
       6.391     0.998437         2517       640.00
       6.391     0.998633         2517       731.43
       6.495     0.998828         2518       853.33
       6.495     0.999023         2518      1024.00
       6.495     0.999121         2518      1137.78
       6.727     0.999219         2519      1280.00
       6.727     0.999316         2519      1462.86
       6.727     0.999414         2519      1706.67
       6.727     0.999512         2519      2048.00
       6.727     0.999561         2519      2275.56
       7.183     0.999609         2520      2560.00
       7.183     1.000000         2520          inf
#[Mean    =        1.803, StdDeviation   =        0.863]
#[Max     =        7.180, Total count    =         2520]
#[Buckets =           27, SubBuckets     =         2048]
----------------------------------------------------------
  9582 requests in 20.01s, 636.30KB read
  Socket errors: connect 748, read 0, write 0, timeout 5236
Requests/sec:    478.89
Transfer/sec:     31.80KB