Running 20s test @ http://127.0.0.1:8080
  1 threads and 1 connections
  Thread calibration: mean lat.: 1.202ms, rate sampling interval: 10ms
  Thread Stats   Avg      Stdev     Max   +/- Stdev
    Latency     1.53ms    3.63ms  64.19ms   99.02%
    Req/Sec     2.12k   357.59     8.70k    93.40%
  Latency Distribution (HdrHistogram - Recorded Latency)
 50.000%    1.21ms
 75.000%    1.62ms
 90.000%    2.10ms
 99.000%    4.72ms
 99.900%   59.36ms
 99.990%   64.06ms
 99.999%   64.22ms
100.000%   64.22ms

  Detailed Percentile spectrum:
       Value   Percentile   TotalCount 1/(1-Percentile)

       0.075     0.000000            1         1.00
       0.411     0.100000         2006         1.11
       0.658     0.200000         4004         1.25
       0.874     0.300000         6006         1.43
       1.057     0.400000         8009         1.67
       1.211     0.500000        10002         2.00
       1.284     0.550000        11003         2.22
       1.358     0.600000        12009         2.50
       1.434     0.650000        13003         2.86
       1.516     0.700000        13996         3.33
       1.626     0.750000        15007         4.00
       1.689     0.775000        15494         4.44
       1.766     0.800000        15993         5.00
       1.843     0.825000        16495         5.71
       1.925     0.850000        16994         6.67
       2.005     0.875000        17496         8.00
       2.053     0.887500        17753         8.89
       2.101     0.900000        17999        10.00
       2.145     0.912500        18243        11.43
       2.195     0.925000        18492        13.33
       2.251     0.937500        18743        16.00
       2.289     0.943750        18875        17.78
       2.319     0.950000        18995        20.00
       2.357     0.956250        19117        22.86
       2.403     0.962500        19242        26.67
       2.455     0.968750        19369        32.00
       2.483     0.971875        19429        35.56
       2.531     0.975000        19493        40.00
       2.585     0.978125        19554        45.71
       2.703     0.981250        19618        53.33
       2.863     0.984375        19679        64.00
       3.031     0.985938        19710        71.11
       3.377     0.987500        19742        80.00
       4.055     0.989062        19773        91.43
       5.815     0.990625        19804       106.67
      10.919     0.992188        19835       128.00
      15.031     0.992969        19851       142.22
      21.855     0.993750        19867       160.00
      27.391     0.994531        19882       182.86
      32.767     0.995313        19898       213.33
      38.143     0.996094        19913       256.00
      41.183     0.996484        19921       284.44
      44.319     0.996875        19929       320.00
      46.975     0.997266        19937       365.71
      49.919     0.997656        19945       426.67
      52.447     0.998047        19952       512.00
      53.855     0.998242        19956       568.89
      55.295     0.998437        19960       640.00
      56.767     0.998633        19964       731.43
      58.239     0.998828        19968       853.33
      59.519     0.999023        19972      1024.00
      60.159     0.999121        19974      1137.78
      60.895     0.999219        19976      1280.00
      61.279     0.999316        19978      1462.86
      61.727     0.999414        19980      1706.67
      62.367     0.999512        19982      2048.00
      62.655     0.999561        19983      2275.56
      62.911     0.999609        19984      2560.00
      63.007     0.999658        19985      2925.71
      63.391     0.999707        19986      3413.33
      63.679     0.999756        19987      4096.00
      63.679     0.999780        19987      4551.11
      63.999     0.999805        19988      5120.00
      63.999     0.999829        19988      5851.43
      64.063     0.999854        19989      6826.67
      64.063     0.999878        19989      8192.00
      64.063     0.999890        19989      9102.22
      64.095     0.999902        19990     10240.00
      64.095     0.999915        19990     11702.86
      64.095     0.999927        19990     13653.33
      64.095     0.999939        19990     16384.00
      64.095     0.999945        19990     18204.44
      64.223     0.999951        19991     20480.00
      64.223     1.000000        19991          inf
#[Mean    =        1.526, StdDeviation   =        3.627]
#[Max     =       64.192, Total count    =        19991]
#[Buckets =           27, SubBuckets     =         2048]
----------------------------------------------------------
  39996 requests in 20.00s, 2.56MB read
Requests/sec:   1999.81
Transfer/sec:    130.85KB

Running 20s test @ http://127.0.0.1:8080
  1 threads and 10 connections
  Thread calibration: mean lat.: 1.814ms, rate sampling interval: 10ms
  Thread Stats   Avg      Stdev     Max   +/- Stdev
    Latency     2.98ms   10.13ms 122.05ms   97.63%
    Req/Sec     2.13k   546.93     9.50k    85.34%
  Latency Distribution (HdrHistogram - Recorded Latency)
 50.000%    1.53ms
 75.000%    1.98ms
 90.000%    2.44ms
 99.000%   72.57ms
 99.900%  103.93ms
 99.990%  117.50ms
 99.999%  122.11ms
100.000%  122.11ms

  Detailed Percentile spectrum:
       Value   Percentile   TotalCount 1/(1-Percentile)

       0.165     0.000000            1         1.00
       0.789     0.100000         1998         1.11
       1.000     0.200000         3985         1.25
       1.185     0.300000         5973         1.43
       1.357     0.400000         7968         1.67
       1.528     0.500000         9952         2.00
       1.611     0.550000        10950         2.22
       1.698     0.600000        11952         2.50
       1.784     0.650000        12941         2.86
       1.879     0.700000        13942         3.33
       1.975     0.750000        14926         4.00
       2.036     0.775000        15427         4.44
       2.099     0.800000        15934         5.00
       2.165     0.825000        16424         5.71
       2.239     0.850000        16919         6.67
       2.331     0.875000        17415         8.00
       2.383     0.887500        17661         8.89
       2.445     0.900000        17911        10.00
       2.511     0.912500        18166        11.43
       2.595     0.925000        18411        13.33
       2.701     0.937500        18657        16.00
       2.787     0.943750        18783        17.78
       2.871     0.950000        18907        20.00
       3.015     0.956250        19030        22.86
       3.291     0.962500        19153        26.67
       4.339     0.968750        19278        32.00
       5.335     0.971875        19340        35.56
       8.807     0.975000        19402        40.00
      17.967     0.978125        19464        45.71
      29.071     0.981250        19526        53.33
      40.319     0.984375        19589        64.00
      50.975     0.985938        19620        71.11
      61.951     0.987500        19651        80.00
      68.351     0.989062        19682        91.43
      75.199     0.990625        19713       106.67
      81.407     0.992188        19744       128.00
      84.735     0.992969        19760       142.22
      87.871     0.993750        19777       160.00
      88.767     0.994531        19791       182.86
      90.879     0.995313        19806       213.33
      92.863     0.996094        19822       256.00
      94.271     0.996484        19830       284.44
      95.615     0.996875        19837       320.00
      95.935     0.997266        19845       365.71
      96.831     0.997656        19853       426.67
      99.583     0.998047        19862       512.00
      99.903     0.998242        19866       568.89
     102.655     0.998437        19868       640.00
     102.911     0.998633        19872       731.43
     103.359     0.998828        19876       853.33
     104.063     0.999023        19880      1024.00
     104.447     0.999121        19882      1137.78
     105.727     0.999219        19885      1280.00
     107.903     0.999316        19886      1462.86
     108.223     0.999414        19888      1706.67
     109.503     0.999512        19891      2048.00
     109.503     0.999561        19891      2275.56
     110.463     0.999609        19892      2560.00
     113.087     0.999658        19893      2925.71
     113.151     0.999707        19894      3413.33
     114.303     0.999756        19895      4096.00
     114.303     0.999780        19895      4551.11
     117.503     0.999805        19897      5120.00
     117.503     0.999829        19897      5851.43
     117.503     0.999854        19897      6826.67
     117.503     0.999878        19897      8192.00
     117.503     0.999890        19897      9102.22
     118.015     0.999902        19898     10240.00
     118.015     0.999915        19898     11702.86
     118.015     0.999927        19898     13653.33
     118.015     0.999939        19898     16384.00
     118.015     0.999945        19898     18204.44
     122.111     0.999951        19899     20480.00
     122.111     1.000000        19899          inf
#[Mean    =        2.976, StdDeviation   =       10.132]
#[Max     =      122.048, Total count    =        19899]
#[Buckets =           27, SubBuckets     =         2048]
----------------------------------------------------------
  37998 requests in 20.00s, 2.43MB read
Requests/sec:   1899.74
Transfer/sec:    124.30KB

Running 20s test @ http://127.0.0.1:8080
  1 threads and 100 connections
  Thread calibration: mean lat.: 2.530ms, rate sampling interval: 10ms
  Thread Stats   Avg      Stdev     Max   +/- Stdev
    Latency     2.47ms    5.35ms  75.20ms   98.48%
    Req/Sec     2.24k     3.05k   11.11k    79.25%
  Latency Distribution (HdrHistogram - Recorded Latency)
 50.000%    1.80ms
 75.000%    2.47ms
 90.000%    3.21ms
 99.000%   26.35ms
 99.900%   71.04ms
 99.990%   74.94ms
 99.999%   75.26ms
100.000%   75.26ms

  Detailed Percentile spectrum:
       Value   Percentile   TotalCount 1/(1-Percentile)

       0.129     0.000000            1         1.00
       0.867     0.100000         1903         1.11
       1.132     0.200000         3804         1.25
       1.360     0.300000         5712         1.43
       1.576     0.400000         7604         1.67
       1.801     0.500000         9504         2.00
       1.920     0.550000        10451         2.22
       2.046     0.600000        11402         2.50
       2.175     0.650000        12351         2.86
       2.313     0.700000        13300         3.33
       2.471     0.750000        14253         4.00
       2.559     0.775000        14726         4.44
       2.651     0.800000        15200         5.00
       2.757     0.825000        15678         5.71
       2.881     0.850000        16160         6.67
       3.025     0.875000        16627         8.00
       3.121     0.887500        16867         8.89
       3.207     0.900000        17103        10.00
       3.305     0.912500        17339        11.43
       3.429     0.925000        17578        13.33
       3.595     0.937500        17817        16.00
       3.677     0.943750        17933        17.78
       3.783     0.950000        18050        20.00
       3.917     0.956250        18170        22.86
       4.087     0.962500        18288        26.67
       4.271     0.968750        18409        32.00
       4.363     0.971875        18466        35.56
       4.487     0.975000        18525        40.00
       4.639     0.978125        18587        45.71
       4.935     0.981250        18644        53.33
       5.995     0.984375        18704        64.00
      12.943     0.985938        18733        71.11
      16.103     0.987500        18763        80.00
      20.479     0.989062        18793        91.43
      27.871     0.990625        18822       106.67
      31.279     0.992188        18852       128.00
      32.095     0.992969        18867       142.22
      35.135     0.993750        18882       160.00
      37.983     0.994531        18898       182.86
      63.071     0.995313        18911       213.33
      64.127     0.996094        18926       256.00
      65.183     0.996484        18934       284.44
      65.919     0.996875        18941       320.00
      67.071     0.997266        18949       365.71
      67.711     0.997656        18957       426.67
      68.671     0.998047        18963       512.00
      69.183     0.998242        18967       568.89
      69.567     0.998437        18971       640.00
      70.143     0.998633        18975       731.43
      70.335     0.998828        18978       853.33
      71.551     0.999023        18982      1024.00
      71.743     0.999121        18985      1137.78
      71.807     0.999219        18986      1280.00
      72.767     0.999316        18989      1462.86
      72.767     0.999414        18989      1706.67
      73.151     0.999512        18991      2048.00
      73.279     0.999561        18992      2275.56
      73.471     0.999609        18993      2560.00
      74.047     0.999658        18994      2925.71
      74.111     0.999707        18995      3413.33
      74.303     0.999756        18996      4096.00
      74.303     0.999780        18996      4551.11
      74.623     0.999805        18997      5120.00
      74.623     0.999829        18997      5851.43
      74.943     0.999854        18998      6826.67
      74.943     0.999878        18998      8192.00
      74.943     0.999890        18998      9102.22
      75.135     0.999902        18999     10240.00
      75.135     0.999915        18999     11702.86
      75.135     0.999927        18999     13653.33
      75.135     0.999939        18999     16384.00
      75.135     0.999945        18999     18204.44
      75.263     0.999951        19000     20480.00
      75.263     1.000000        19000          inf
#[Mean    =        2.471, StdDeviation   =        5.349]
#[Max     =       75.200, Total count    =        19000]
#[Buckets =           27, SubBuckets     =         2048]
----------------------------------------------------------
  38003 requests in 20.01s, 2.43MB read
Requests/sec:   1899.64
Transfer/sec:    124.29KB

Running 20s test @ http://127.0.0.1:8080
  1 threads and 1000 connections
  Thread calibration: mean lat.: 2.709ms, rate sampling interval: 10ms
  Thread Stats   Avg      Stdev     Max   +/- Stdev
    Latency     2.13ms    1.17ms   8.58ms   72.70%
    Req/Sec   544.62      1.74k   11.60k    93.51%
  Latency Distribution (HdrHistogram - Recorded Latency)
 50.000%    1.88ms
 75.000%    2.75ms
 90.000%    3.68ms
 99.000%    5.91ms
 99.900%    6.97ms
 99.990%    8.58ms
 99.999%    8.58ms
100.000%    8.58ms

  Detailed Percentile spectrum:
       Value   Percentile   TotalCount 1/(1-Percentile)

       0.282     0.000000            1         1.00
       0.876     0.100000          253         1.11
       1.138     0.200000          504         1.25
       1.381     0.300000          758         1.43
       1.611     0.400000         1009         1.67
       1.877     0.500000         1260         2.00
       2.030     0.550000         1386         2.22
       2.183     0.600000         1513         2.50
       2.349     0.650000         1638         2.86
       2.545     0.700000         1764         3.33
       2.753     0.750000         1890         4.00
       2.873     0.775000         1954         4.44
       2.991     0.800000         2016         5.00
       3.133     0.825000         2085         5.71
       3.285     0.850000         2142         6.67
       3.465     0.875000         2205         8.00
       3.585     0.887500         2237         8.89
       3.683     0.900000         2268        10.00
       3.825     0.912500         2300        11.43
       3.955     0.925000         2331        13.33
       4.175     0.937500         2363        16.00
       4.239     0.943750         2379        17.78
       4.367     0.950000         2394        20.00
       4.507     0.956250         2410        22.86
       4.703     0.962500         2426        26.67
       4.923     0.968750         2442        32.00
       5.023     0.971875         2450        35.56
       5.147     0.975000         2458        40.00
       5.287     0.978125         2465        45.71
       5.459     0.981250         2473        53.33
       5.583     0.984375         2481        64.00
       5.711     0.985938         2485        71.11
       5.747     0.987500         2489        80.00
       5.851     0.989062         2493        91.43
       5.955     0.990625         2497       106.67
       6.099     0.992188         2501       128.00
       6.139     0.992969         2504       142.22
       6.251     0.993750         2505       160.00
       6.359     0.994531         2508       182.86
       6.363     0.995313         2509       213.33
       6.479     0.996094         2511       256.00
       6.571     0.996484         2512       284.44
       6.615     0.996875         2513       320.00
       6.647     0.997266         2514       365.71
       6.859     0.997656         2515       426.67
       6.947     0.998047         2516       512.00
       6.947     0.998242         2516       568.89
       6.971     0.998437         2517       640.00
       6.971     0.998633         2517       731.43
       7.391     0.998828         2518       853.33
       7.391     0.999023         2518      1024.00
       7.391     0.999121         2518      1137.78
       7.663     0.999219         2519      1280.00
       7.663     0.999316         2519      1462.86
       7.663     0.999414         2519      1706.67
       7.663     0.999512         2519      2048.00
       7.663     0.999561         2519      2275.56
       8.583     0.999609         2520      2560.00
       8.583     1.000000         2520          inf
#[Mean    =        2.129, StdDeviation   =        1.173]
#[Max     =        8.576, Total count    =         2520]
#[Buckets =           27, SubBuckets     =         2048]
----------------------------------------------------------
  9580 requests in 20.02s, 626.82KB read
  Socket errors: connect 748, read 0, write 0, timeout 5236
Requests/sec:    478.62
Transfer/sec:     31.32KB