Running 20s test @ http://127.0.0.1:8080
  1 threads and 1 connections
  Thread calibration: mean lat.: 1.209ms, rate sampling interval: 10ms
  Thread Stats   Avg      Stdev     Max   +/- Stdev
    Latency     1.20ms  579.43us   3.02ms   63.85%
    Req/Sec     2.11k   196.36     2.78k    63.40%
  Latency Distribution (HdrHistogram - Recorded Latency)
 50.000%    1.19ms
 75.000%    1.57ms
 90.000%    2.02ms
 99.000%    2.48ms
 99.900%    2.72ms
 99.990%    2.89ms
 99.999%    3.02ms
100.000%    3.02ms

  Detailed Percentile spectrum:
       Value   Percentile   TotalCount 1/(1-Percentile)

       0.052     0.000000            1         1.00
       0.413     0.100000         2002         1.11
       0.640     0.200000         3998         1.25
       0.853     0.300000         6004         1.43
       1.036     0.400000         8006         1.67
       1.193     0.500000         9996         2.00
       1.263     0.550000        10997         2.22
       1.332     0.600000        12002         2.50
       1.403     0.650000        12995         2.86
       1.476     0.700000        13991         3.33
       1.569     0.750000        14998         4.00
       1.624     0.775000        15494         4.44
       1.688     0.800000        15995         5.00
       1.767     0.825000        16495         5.71
       1.850     0.850000        16994         6.67
       1.931     0.875000        17491         8.00
       1.972     0.887500        17744         8.89
       2.022     0.900000        17992        10.00
       2.071     0.912500        18247        11.43
       2.123     0.925000        18503        13.33
       2.175     0.937500        18739        16.00
       2.201     0.943750        18864        17.78
       2.227     0.950000        18992        20.00
       2.255     0.956250        19115        22.86
       2.285     0.962500        19239        26.67
       2.323     0.968750        19363        32.00
       2.341     0.971875        19428        35.56
       2.365     0.975000        19491        40.00
       2.387     0.978125        19550        45.71
       2.411     0.981250        19613        53.33
       2.433     0.984375        19677        64.00
       2.447     0.985938        19709        71.11
       2.459     0.987500        19738        80.00
       2.471     0.989062        19771        91.43
       2.483     0.990625        19801       106.67
       2.511     0.992188        19831       128.00
       2.523     0.992969        19848       142.22
       2.539     0.993750        19863       160.00
       2.555     0.994531        19879       182.86
       2.567     0.995313        19895       213.33
       2.581     0.996094        19910       256.00
       2.593     0.996484        19919       284.44
       2.603     0.996875        19925       320.00
       2.609     0.997266        19933       365.71
       2.639     0.997656        19941       426.67
       2.653     0.998047        19949       512.00
       2.659     0.998242        19953       568.89
       2.671     0.998437        19956       640.00
       2.689     0.998633        19960       731.43
       2.701     0.998828        19964       853.33
       2.729     0.999023        19968      1024.00
       2.741     0.999121        19970      1137.78
       2.753     0.999219        19972      1280.00
       2.757     0.999316        19974      1462.86
       2.771     0.999414        19976      1706.67
       2.775     0.999512        19978      2048.00
       2.783     0.999561        19979      2275.56
       2.793     0.999609        19980      2560.00
       2.813     0.999658        19981      2925.71
       2.833     0.999707        19982      3413.33
       2.847     0.999756        19983      4096.00
       2.847     0.999780        19983      4551.11
       2.871     0.999805        19984      5120.00
       2.871     0.999829        19984      5851.43
       2.895     0.999854        19985      6826.67
       2.895     0.999878        19985      8192.00
       2.895     0.999890        19985      9102.22
       2.959     0.999902        19986     10240.00
       2.959     0.999915        19986     11702.86
       2.959     0.999927        19986     13653.33
       2.959     0.999939        19986     16384.00
       2.959     0.999945        19986     18204.44
       3.017     0.999951        19987     20480.00
       3.017     1.000000        19987          inf
#[Mean    =        1.196, StdDeviation   =        0.579]
#[Max     =        3.016, Total count    =        19987]
#[Buckets =           27, SubBuckets     =         2048]
----------------------------------------------------------
  39996 requests in 20.00s, 2.56MB read
Requests/sec:   1999.83
Transfer/sec:    130.85KB

Running 20s test @ http://127.0.0.1:8080
  1 threads and 10 connections
  Thread calibration: mean lat.: 8.473ms, rate sampling interval: 29ms
  Thread Stats   Avg      Stdev     Max   +/- Stdev
    Latency     1.44ms  710.76us   7.28ms   71.31%
    Req/Sec     2.04k    99.28     2.46k    69.03%
  Latency Distribution (HdrHistogram - Recorded Latency)
 50.000%    1.35ms
 75.000%    1.86ms
 90.000%    2.28ms
 99.000%    3.66ms
 99.900%    5.49ms
 99.990%    6.69ms
 99.999%    7.28ms
100.000%    7.28ms

  Detailed Percentile spectrum:
       Value   Percentile   TotalCount 1/(1-Percentile)

       0.106     0.000000            1         1.00
       0.621     0.100000         1996         1.11
       0.818     0.200000         3988         1.25
       0.982     0.300000         5974         1.43
       1.153     0.400000         7965         1.67
       1.346     0.500000         9955         2.00
       1.446     0.550000        10946         2.22
       1.546     0.600000        11944         2.50
       1.650     0.650000        12943         2.86
       1.755     0.700000        13935         3.33
       1.863     0.750000        14931         4.00
       1.914     0.775000        15425         4.44
       1.976     0.800000        15920         5.00
       2.038     0.825000        16429         5.71
       2.111     0.850000        16925         6.67
       2.191     0.875000        17418         8.00
       2.233     0.887500        17662         8.89
       2.283     0.900000        17912        10.00
       2.345     0.912500        18166        11.43
       2.425     0.925000        18410        13.33
       2.511     0.937500        18658        16.00
       2.573     0.943750        18781        17.78
       2.645     0.950000        18908        20.00
       2.715     0.956250        19031        22.86
       2.809     0.962500        19157        26.67
       2.893     0.968750        19281        32.00
       2.965     0.971875        19341        35.56
       3.037     0.975000        19405        40.00
       3.115     0.978125        19466        45.71
       3.211     0.981250        19527        53.33
       3.337     0.984375        19590        64.00
       3.403     0.985938        19622        71.11
       3.479     0.987500        19652        80.00
       3.575     0.989062        19683        91.43
       3.719     0.990625        19714       106.67
       3.871     0.992188        19745       128.00
       3.961     0.992969        19761       142.22
       4.051     0.993750        19776       160.00
       4.127     0.994531        19792       182.86
       4.279     0.995313        19807       213.33
       4.395     0.996094        19823       256.00
       4.463     0.996484        19833       284.44
       4.575     0.996875        19838       320.00
       4.643     0.997266        19846       365.71
       4.735     0.997656        19854       426.67
       4.903     0.998047        19862       512.00
       5.019     0.998242        19866       568.89
       5.071     0.998437        19869       640.00
       5.251     0.998633        19873       731.43
       5.419     0.998828        19877       853.33
       5.495     0.999023        19881      1024.00
       5.515     0.999121        19883      1137.78
       5.579     0.999219        19885      1280.00
       5.679     0.999316        19887      1462.86
       5.827     0.999414        19889      1706.67
       6.031     0.999512        19891      2048.00
       6.195     0.999561        19892      2275.56
       6.223     0.999609        19893      2560.00
       6.271     0.999658        19894      2925.71
       6.403     0.999707        19895      3413.33
       6.491     0.999756        19896      4096.00
       6.491     0.999780        19896      4551.11
       6.567     0.999805        19897      5120.00
       6.567     0.999829        19897      5851.43
       6.687     0.999854        19898      6826.67
       6.687     0.999878        19898      8192.00
       6.687     0.999890        19898      9102.22
       6.779     0.999902        19899     10240.00
       6.779     0.999915        19899     11702.86
       6.779     0.999927        19899     13653.33
       6.779     0.999939        19899     16384.00
       6.779     0.999945        19899     18204.44
       7.283     0.999951        19900     20480.00
       7.283     1.000000        19900          inf
#[Mean    =        1.435, StdDeviation   =        0.711]
#[Max     =        7.280, Total count    =        19900]
#[Buckets =           27, SubBuckets     =         2048]
----------------------------------------------------------
  39963 requests in 20.00s, 2.55MB read
Requests/sec:   1997.84
Transfer/sec:    130.72KB

Running 20s test @ http://127.0.0.1:8080
  1 threads and 100 connections
  Thread calibration: mean lat.: 1.874ms, rate sampling interval: 10ms
  Thread Stats   Avg      Stdev     Max   +/- Stdev
    Latency     2.32ms    6.10ms 102.59ms   97.88%
    Req/Sec     2.12k   681.93    16.50k    87.01%
  Latency Distribution (HdrHistogram - Recorded Latency)
 50.000%    1.48ms
 75.000%    2.07ms
 90.000%    2.95ms
 99.000%   26.74ms
 99.900%   95.87ms
 99.990%  101.95ms
 99.999%  102.65ms
100.000%  102.65ms

  Detailed Percentile spectrum:
       Value   Percentile   TotalCount 1/(1-Percentile)

       0.123     0.000000            2         1.00
       0.612     0.100000         1901         1.11
       0.857     0.200000         3807         1.25
       1.070     0.300000         5706         1.43
       1.273     0.400000         7603         1.67
       1.475     0.500000         9510         2.00
       1.577     0.550000        10456         2.22
       1.681     0.600000        11404         2.50
       1.795     0.650000        12354         2.86
       1.919     0.700000        13305         3.33
       2.069     0.750000        14259         4.00
       2.157     0.775000        14734         4.44
       2.253     0.800000        15203         5.00
       2.369     0.825000        15677         5.71
       2.503     0.850000        16154         6.67
       2.693     0.875000        16629         8.00
       2.813     0.887500        16867         8.89
       2.953     0.900000        17101        10.00
       3.125     0.912500        17338        11.43
       3.365     0.925000        17577        13.33
       3.661     0.937500        17814        16.00
       3.861     0.943750        17933        17.78
       4.179     0.950000        18051        20.00
       4.535     0.956250        18170        22.86
       4.995     0.962500        18288        26.67
       5.935     0.968750        18407        32.00
       6.691     0.971875        18466        35.56
       7.315     0.975000        18525        40.00
       8.167     0.978125        18586        45.71
       9.615     0.981250        18644        53.33
      12.135     0.984375        18704        64.00
      13.527     0.985938        18733        71.11
      16.415     0.987500        18763        80.00
      22.159     0.989062        18793        91.43
      28.479     0.990625        18822       106.67
      37.183     0.992188        18852       128.00
      44.607     0.992969        18867       142.22
      49.023     0.993750        18882       160.00
      50.399     0.994531        18897       182.86
      55.199     0.995313        18911       213.33
      56.511     0.996094        18926       256.00
      60.415     0.996484        18934       284.44
      61.055     0.996875        18942       320.00
      65.023     0.997266        18949       365.71
      66.047     0.997656        18956       426.67
      70.719     0.998047        18963       512.00
      74.943     0.998242        18968       568.89
      90.495     0.998437        18971       640.00
      91.071     0.998633        18975       731.43
      92.031     0.998828        18978       853.33
      96.255     0.999023        18982      1024.00
      96.447     0.999121        18984      1137.78
      96.639     0.999219        18986      1280.00
      96.767     0.999316        18988      1462.86
      96.895     0.999414        18989      1706.67
     101.119     0.999512        18991      2048.00
     101.247     0.999561        18992      2275.56
     101.439     0.999609        18994      2560.00
     101.439     0.999658        18994      2925.71
     101.503     0.999707        18995      3413.33
     101.695     0.999756        18996      4096.00
     101.695     0.999780        18996      4551.11
     101.823     0.999805        18997      5120.00
     101.823     0.999829        18997      5851.43
     101.951     0.999854        18998      6826.67
     101.951     0.999878        18998      8192.00
     101.951     0.999890        18998      9102.22
     102.399     0.999902        18999     10240.00
     102.399     0.999915        18999     11702.86
     102.399     0.999927        18999     13653.33
     102.399     0.999939        18999     16384.00
     102.399     0.999945        18999     18204.44
     102.655     0.999951        19000     20480.00
     102.655     1.000000        19000          inf
#[Mean    =        2.317, StdDeviation   =        6.100]
#[Max     =      102.592, Total count    =        19000]
#[Buckets =           27, SubBuckets     =         2048]
----------------------------------------------------------
  39558 requests in 20.00s, 2.53MB read
Requests/sec:   1977.50
Transfer/sec:    129.39KB

Running 20s test @ http://127.0.0.1:8080
  1 threads and 1000 connections
  Thread calibration: mean lat.: 2.906ms, rate sampling interval: 10ms
  Thread Stats   Avg      Stdev     Max   +/- Stdev
    Latency     1.86ms    0.90ms   5.26ms   67.78%
    Req/Sec   564.55      1.73k   10.44k    92.78%
  Latency Distribution (HdrHistogram - Recorded Latency)
 50.000%    1.72ms
 75.000%    2.41ms
 90.000%    3.09ms
 99.000%    4.50ms
 99.900%    5.10ms
 99.990%    5.26ms
 99.999%    5.26ms
100.000%    5.26ms

  Detailed Percentile spectrum:
       Value   Percentile   TotalCount 1/(1-Percentile)

       0.233     0.000000            1         1.00
       0.804     0.100000          252         1.11
       1.055     0.200000          504         1.25
       1.276     0.300000          756         1.43
       1.497     0.400000         1009         1.67
       1.718     0.500000         1263         2.00
       1.833     0.550000         1389         2.22
       1.958     0.600000         1512         2.50
       2.089     0.650000         1638         2.86
       2.249     0.700000         1764         3.33
       2.407     0.750000         1890         4.00
       2.509     0.775000         1954         4.44
       2.609     0.800000         2019         5.00
       2.721     0.825000         2081         5.71
       2.825     0.850000         2142         6.67
       2.961     0.875000         2205         8.00
       3.029     0.887500         2238         8.89
       3.093     0.900000         2268        10.00
       3.201     0.912500         2300        11.43
       3.291     0.925000         2332        13.33
       3.421     0.937500         2363        16.00
       3.481     0.943750         2379        17.78
       3.539     0.950000         2394        20.00
       3.615     0.956250         2410        22.86
       3.711     0.962500         2427        26.67
       3.819     0.968750         2442        32.00
       3.891     0.971875         2450        35.56
       3.963     0.975000         2457        40.00
       4.049     0.978125         2465        45.71
       4.183     0.981250         2473        53.33
       4.279     0.984375         2481        64.00
       4.331     0.985938         2486        71.11
       4.403     0.987500         2489        80.00
       4.451     0.989062         2493        91.43
       4.523     0.990625         2497       106.67
       4.583     0.992188         2502       128.00
       4.599     0.992969         2503       142.22
       4.619     0.993750         2505       160.00
       4.631     0.994531         2507       182.86
       4.731     0.995313         2509       213.33
       4.827     0.996094         2511       256.00
       4.867     0.996484         2512       284.44
       4.923     0.996875         2513       320.00
       4.931     0.997266         2514       365.71
       4.955     0.997656         2515       426.67
       4.959     0.998047         2516       512.00
       4.959     0.998242         2516       568.89
       5.103     0.998437         2517       640.00
       5.103     0.998633         2517       731.43
       5.123     0.998828         2518       853.33
       5.123     0.999023         2518      1024.00
       5.123     0.999121         2518      1137.78
       5.147     0.999219         2519      1280.00
       5.147     0.999316         2519      1462.86
       5.147     0.999414         2519      1706.67
       5.147     0.999512         2519      2048.00
       5.147     0.999561         2519      2275.56
       5.259     0.999609         2520      2560.00
       5.259     1.000000         2520          inf
#[Mean    =        1.859, StdDeviation   =        0.903]
#[Max     =        5.256, Total count    =         2520]
#[Buckets =           27, SubBuckets     =         2048]
----------------------------------------------------------
  9581 requests in 20.01s, 626.88KB read
  Socket errors: connect 748, read 0, write 0, timeout 5236
Requests/sec:    478.82
Transfer/sec:     31.33KB