Running 20s test @ http://127.0.0.1:8080/v0/status
  1 threads and 1 connections
  Thread calibration: mean lat.: 1.821ms, rate sampling interval: 10ms
  Thread Stats   Avg      Stdev     Max   +/- Stdev
    Latency     1.22ms  622.47us   9.08ms   65.46%
    Req/Sec     2.11k   208.26     3.11k    70.14%
  Latency Distribution (HdrHistogram - Recorded Latency)
 50.000%    1.20ms
 75.000%    1.63ms
 90.000%    2.05ms
 99.000%    2.51ms
 99.900%    4.38ms
 99.990%    8.86ms
 99.999%    9.09ms
100.000%    9.09ms

  Detailed Percentile spectrum:
       Value   Percentile   TotalCount 1/(1-Percentile)

       0.051     0.000000            1         1.00
       0.394     0.100000         2003         1.11
       0.659     0.200000         4000         1.25
       0.884     0.300000         6002         1.43
       1.064     0.400000         7996         1.67
       1.204     0.500000         9999         2.00
       1.277     0.550000        11002         2.22
       1.354     0.600000        12006         2.50
       1.428     0.650000        12993         2.86
       1.516     0.700000        13991         3.33
       1.635     0.750000        14999         4.00
       1.697     0.775000        15492         4.44
       1.764     0.800000        15998         5.00
       1.831     0.825000        16490         5.71
       1.900     0.850000        16992         6.67
       1.969     0.875000        17489         8.00
       2.012     0.887500        17742         8.89
       2.051     0.900000        17998        10.00
       2.089     0.912500        18251        11.43
       2.127     0.925000        18489        13.33
       2.175     0.937500        18741        16.00
       2.195     0.943750        18864        17.78
       2.221     0.950000        18990        20.00
       2.251     0.956250        19117        22.86
       2.279     0.962500        19247        26.67
       2.311     0.968750        19370        32.00
       2.331     0.971875        19431        35.56
       2.351     0.975000        19488        40.00
       2.375     0.978125        19552        45.71
       2.403     0.981250        19616        53.33
       2.431     0.984375        19678        64.00
       2.447     0.985938        19708        71.11
       2.471     0.987500        19741        80.00
       2.491     0.989062        19770        91.43
       2.523     0.990625        19800       106.67
       2.563     0.992188        19832       128.00
       2.609     0.992969        19847       142.22
       2.659     0.993750        19863       160.00
       2.697     0.994531        19878       182.86
       2.749     0.995313        19895       213.33
       2.831     0.996094        19909       256.00
       2.891     0.996484        19917       284.44
       2.963     0.996875        19925       320.00
       3.047     0.997266        19934       365.71
       3.165     0.997656        19941       426.67
       3.395     0.998047        19948       512.00
       3.505     0.998242        19952       568.89
       3.603     0.998437        19956       640.00
       3.869     0.998633        19960       731.43
       4.111     0.998828        19964       853.33
       4.483     0.999023        19968      1024.00
       4.727     0.999121        19970      1137.78
       5.171     0.999219        19972      1280.00
       5.407     0.999316        19974      1462.86
       5.583     0.999414        19976      1706.67
       6.447     0.999512        19978      2048.00
       6.879     0.999561        19979      2275.56
       7.283     0.999609        19980      2560.00
       7.699     0.999658        19981      2925.71
       8.119     0.999707        19982      3413.33
       8.163     0.999756        19983      4096.00
       8.163     0.999780        19983      4551.11
       8.535     0.999805        19984      5120.00
       8.535     0.999829        19984      5851.43
       8.863     0.999854        19985      6826.67
       8.863     0.999878        19985      8192.00
       8.863     0.999890        19985      9102.22
       8.951     0.999902        19986     10240.00
       8.951     0.999915        19986     11702.86
       8.951     0.999927        19986     13653.33
       8.951     0.999939        19986     16384.00
       8.951     0.999945        19986     18204.44
       9.087     0.999951        19987     20480.00
       9.087     1.000000        19987          inf
#[Mean    =        1.224, StdDeviation   =        0.622]
#[Max     =        9.080, Total count    =        19987]
#[Buckets =           27, SubBuckets     =         2048]
----------------------------------------------------------
  39996 requests in 20.00s, 4.01MB read
Requests/sec:   1999.85
Transfer/sec:    205.06KB

Running 20s test @ http://127.0.0.1:8080/v0/status
  1 threads and 10 connections
  Thread calibration: mean lat.: 1.524ms, rate sampling interval: 10ms
  Thread Stats   Avg      Stdev     Max   +/- Stdev
    Latency     1.45ms  571.23us   3.51ms   64.70%
    Req/Sec     2.11k   327.67     3.33k    79.03%
  Latency Distribution (HdrHistogram - Recorded Latency)
 50.000%    1.44ms
 75.000%    1.86ms
 90.000%    2.21ms
 99.000%    2.76ms
 99.900%    3.17ms
 99.990%    3.40ms
 99.999%    3.52ms
100.000%    3.52ms

  Detailed Percentile spectrum:
       Value   Percentile   TotalCount 1/(1-Percentile)

       0.173     0.000000            1         1.00
       0.694     0.100000         1998         1.11
       0.914     0.200000         3990         1.25
       1.099     0.300000         5971         1.43
       1.272     0.400000         7961         1.67
       1.440     0.500000         9958         2.00
       1.525     0.550000        10953         2.22
       1.609     0.600000        11945         2.50
       1.690     0.650000        12935         2.86
       1.776     0.700000        13940         3.33
       1.864     0.750000        14933         4.00
       1.910     0.775000        15425         4.44
       1.962     0.800000        15922         5.00
       2.012     0.825000        16424         5.71
       2.069     0.850000        16930         6.67
       2.131     0.875000        17424         8.00
       2.169     0.887500        17671         8.89
       2.211     0.900000        17923        10.00
       2.247     0.912500        18162        11.43
       2.289     0.925000        18409        13.33
       2.345     0.937500        18657        16.00
       2.371     0.943750        18782        17.78
       2.399     0.950000        18906        20.00
       2.437     0.956250        19030        22.86
       2.471     0.962500        19155        26.67
       2.515     0.968750        19279        32.00
       2.543     0.971875        19342        35.56
       2.565     0.975000        19405        40.00
       2.591     0.978125        19466        45.71
       2.627     0.981250        19528        53.33
       2.661     0.984375        19593        64.00
       2.683     0.985938        19622        71.11
       2.707     0.987500        19652        80.00
       2.733     0.989062        19683        91.43
       2.777     0.990625        19714       106.67
       2.811     0.992188        19746       128.00
       2.835     0.992969        19762       142.22
       2.859     0.993750        19778       160.00
       2.889     0.994531        19792       182.86
       2.917     0.995313        19807       213.33
       2.957     0.996094        19823       256.00
       2.987     0.996484        19833       284.44
       2.995     0.996875        19838       320.00
       3.013     0.997266        19848       365.71
       3.043     0.997656        19854       426.67
       3.087     0.998047        19862       512.00
       3.111     0.998242        19866       568.89
       3.125     0.998437        19869       640.00
       3.145     0.998633        19875       731.43
       3.149     0.998828        19877       853.33
       3.175     0.999023        19881      1024.00
       3.223     0.999121        19883      1137.78
       3.237     0.999219        19885      1280.00
       3.251     0.999316        19887      1462.86
       3.267     0.999414        19889      1706.67
       3.319     0.999512        19891      2048.00
       3.323     0.999561        19892      2275.56
       3.329     0.999609        19893      2560.00
       3.335     0.999658        19894      2925.71
       3.339     0.999707        19895      3413.33
       3.355     0.999756        19896      4096.00
       3.355     0.999780        19896      4551.11
       3.385     0.999805        19897      5120.00
       3.385     0.999829        19897      5851.43
       3.403     0.999854        19898      6826.67
       3.403     0.999878        19898      8192.00
       3.403     0.999890        19898      9102.22
       3.451     0.999902        19899     10240.00
       3.451     0.999915        19899     11702.86
       3.451     0.999927        19899     13653.33
       3.451     0.999939        19899     16384.00
       3.451     0.999945        19899     18204.44
       3.515     0.999951        19900     20480.00
       3.515     1.000000        19900          inf
#[Mean    =        1.451, StdDeviation   =        0.571]
#[Max     =        3.514, Total count    =        19900]
#[Buckets =           27, SubBuckets     =         2048]
----------------------------------------------------------
  39964 requests in 20.00s, 4.00MB read
Requests/sec:   1997.82
Transfer/sec:    204.85KB

Running 20s test @ http://127.0.0.1:8080/v0/status
  1 threads and 100 connections
  Thread calibration: mean lat.: 3.861ms, rate sampling interval: 13ms
  Thread Stats   Avg      Stdev     Max   +/- Stdev
    Latency     2.26ms    1.77ms  36.06ms   93.05%
    Req/Sec     2.20k     3.16k    8.33k    75.93%
  Latency Distribution (HdrHistogram - Recorded Latency)
 50.000%    1.99ms
 75.000%    2.73ms
 90.000%    3.64ms
 99.000%    5.68ms
 99.900%   34.56ms
 99.990%   35.23ms
 99.999%   36.10ms
100.000%   36.10ms

  Detailed Percentile spectrum:
       Value   Percentile   TotalCount 1/(1-Percentile)

       0.234     0.000000            1         1.00
       1.050     0.100000         1903         1.11
       1.333     0.200000         3807         1.25
       1.552     0.300000         5703         1.43
       1.767     0.400000         7610         1.67
       1.986     0.500000         9505         2.00
       2.109     0.550000        10458         2.22
       2.229     0.600000        11404         2.50
       2.369     0.650000        12358         2.86
       2.545     0.700000        13309         3.33
       2.733     0.750000        14254         4.00
       2.855     0.775000        14726         4.44
       2.981     0.800000        15210         5.00
       3.119     0.825000        15676         5.71
       3.275     0.850000        16161         6.67
       3.435     0.875000        16625         8.00
       3.541     0.887500        16866         8.89
       3.639     0.900000        17101        10.00
       3.773     0.912500        17341        11.43
       3.921     0.925000        17575        13.33
       4.065     0.937500        17814        16.00
       4.155     0.943750        17939        17.78
       4.239     0.950000        18050        20.00
       4.351     0.956250        18169        22.86
       4.483     0.962500        18290        26.67
       4.687     0.968750        18407        32.00
       4.795     0.971875        18468        35.56
       4.927     0.975000        18528        40.00
       5.043     0.978125        18585        45.71
       5.167     0.981250        18644        53.33
       5.323     0.984375        18706        64.00
       5.427     0.985938        18733        71.11
       5.515     0.987500        18764        80.00
       5.619     0.989062        18793        91.43
       5.751     0.990625        18822       106.67
       5.907     0.992188        18853       128.00
       6.007     0.992969        18867       142.22
       6.079     0.993750        18882       160.00
       6.167     0.994531        18898       182.86
       6.291     0.995313        18911       213.33
       6.439     0.996094        18926       256.00
       6.503     0.996484        18934       284.44
       6.607     0.996875        18941       320.00
       6.803     0.997266        18949       365.71
       7.099     0.997656        18956       426.67
       8.015     0.998047        18963       512.00
      33.375     0.998242        18967       568.89
      33.823     0.998437        18971       640.00
      34.079     0.998633        18975       731.43
      34.431     0.998828        18978       853.33
      34.559     0.999023        18982      1024.00
      34.623     0.999121        18984      1137.78
      34.719     0.999219        18986      1280.00
      34.815     0.999316        18988      1462.86
      34.943     0.999414        18989      1706.67
      35.039     0.999512        18991      2048.00
      35.103     0.999561        18992      2275.56
      35.135     0.999609        18994      2560.00
      35.135     0.999658        18994      2925.71
      35.167     0.999707        18995      3413.33
      35.199     0.999756        18997      4096.00
      35.199     0.999780        18997      4551.11
      35.199     0.999805        18997      5120.00
      35.199     0.999829        18997      5851.43
      35.231     0.999854        18998      6826.67
      35.231     0.999878        18998      8192.00
      35.231     0.999890        18998      9102.22
      35.295     0.999902        18999     10240.00
      35.295     0.999915        18999     11702.86
      35.295     0.999927        18999     13653.33
      35.295     0.999939        18999     16384.00
      35.295     0.999945        18999     18204.44
      36.095     0.999951        19000     20480.00
      36.095     1.000000        19000          inf
#[Mean    =        2.257, StdDeviation   =        1.769]
#[Max     =       36.064, Total count    =        19000]
#[Buckets =           27, SubBuckets     =         2048]
----------------------------------------------------------
  38019 requests in 20.01s, 3.81MB read
Requests/sec:   1900.07
Transfer/sec:    194.83KB

Running 20s test @ http://127.0.0.1:8080/v0/status
  1 threads and 1000 connections
  Thread calibration: mean lat.: 2.240ms, rate sampling interval: 10ms
  Thread Stats   Avg      Stdev     Max   +/- Stdev
    Latency     1.92ms    1.44ms  14.75ms   87.58%
    Req/Sec   560.86      1.84k   11.56k    94.12%
  Latency Distribution (HdrHistogram - Recorded Latency)
 50.000%    1.57ms
 75.000%    2.28ms
 90.000%    3.23ms
 99.000%    8.11ms
 99.900%   10.37ms
 99.990%   14.76ms
 99.999%   14.76ms
100.000%   14.76ms

  Detailed Percentile spectrum:
       Value   Percentile   TotalCount 1/(1-Percentile)

       0.161     0.000000            1         1.00
       0.710     0.100000          253         1.11
       0.935     0.200000          504         1.25
       1.153     0.300000          756         1.43
       1.360     0.400000         1008         1.67
       1.568     0.500000         1260         2.00
       1.685     0.550000         1387         2.22
       1.804     0.600000         1512         2.50
       1.948     0.650000         1638         2.86
       2.107     0.700000         1765         3.33
       2.277     0.750000         1890         4.00
       2.387     0.775000         1953         4.44
       2.493     0.800000         2016         5.00
       2.625     0.825000         2079         5.71
       2.785     0.850000         2142         6.67
       2.977     0.875000         2205         8.00
       3.081     0.887500         2238         8.89
       3.229     0.900000         2269        10.00
       3.417     0.912500         2300        11.43
       3.717     0.925000         2331        13.33
       4.211     0.937500         2364        16.00
       4.547     0.943750         2379        17.78
       4.903     0.950000         2394        20.00
       5.371     0.956250         2410        22.86
       5.603     0.962500         2426        26.67
       5.955     0.968750         2442        32.00
       6.231     0.971875         2450        35.56
       6.471     0.975000         2457        40.00
       6.743     0.978125         2465        45.71
       7.079     0.981250         2473        53.33
       7.483     0.984375         2481        64.00
       7.615     0.985938         2485        71.11
       7.815     0.987500         2489        80.00
       7.971     0.989062         2493        91.43
       8.231     0.990625         2497       106.67
       8.391     0.992188         2502       128.00
       8.463     0.992969         2503       142.22
       8.495     0.993750         2505       160.00
       8.623     0.994531         2507       182.86
       8.767     0.995313         2509       213.33
       8.783     0.996094         2511       256.00
       8.863     0.996484         2512       284.44
       9.303     0.996875         2513       320.00
       9.679     0.997266         2514       365.71
       9.711     0.997656         2515       426.67
       9.975     0.998047         2516       512.00
       9.975     0.998242         2516       568.89
      10.367     0.998437         2517       640.00
      10.367     0.998633         2517       731.43
      10.415     0.998828         2518       853.33
      10.415     0.999023         2518      1024.00
      10.415     0.999121         2518      1137.78
      10.519     0.999219         2519      1280.00
      10.519     0.999316         2519      1462.86
      10.519     0.999414         2519      1706.67
      10.519     0.999512         2519      2048.00
      10.519     0.999561         2519      2275.56
      14.759     0.999609         2520      2560.00
      14.759     1.000000         2520          inf
#[Mean    =        1.920, StdDeviation   =        1.444]
#[Max     =       14.752, Total count    =         2520]
#[Buckets =           27, SubBuckets     =         2048]
----------------------------------------------------------
  9577 requests in 20.01s, 0.96MB read
  Socket errors: connect 748, read 0, write 0, timeout 5236
Requests/sec:    478.61
Transfer/sec:     49.08KB