Running 20s test @ http://127.0.0.1:8080/v0/status
  1 threads and 1 connections
  Thread calibration: mean lat.: 1.843ms, rate sampling interval: 10ms
  Thread Stats   Avg      Stdev     Max   +/- Stdev
    Latency     1.23ms  646.60us  10.98ms   66.34%
    Req/Sec     2.11k   201.43     3.22k    61.32%
  Latency Distribution (HdrHistogram - Recorded Latency)
 50.000%    1.21ms
 75.000%    1.65ms
 90.000%    2.07ms
 99.000%    2.60ms
 99.900%    4.51ms
 99.990%   10.84ms
 99.999%   10.98ms
100.000%   10.98ms

  Detailed Percentile spectrum:
       Value   Percentile   TotalCount 1/(1-Percentile)

       0.053     0.000000            1         1.00
       0.393     0.100000         1999         1.11
       0.661     0.200000         4000         1.25
       0.891     0.300000         6001         1.43
       1.067     0.400000         7995         1.67
       1.212     0.500000        10000         2.00
       1.282     0.550000        11000         2.22
       1.357     0.600000        11994         2.50
       1.436     0.650000        12994         2.86
       1.532     0.700000        13995         3.33
       1.651     0.750000        14999         4.00
       1.718     0.775000        15494         4.44
       1.784     0.800000        15989         5.00
       1.852     0.825000        16490         5.71
       1.923     0.850000        16989         6.67
       1.993     0.875000        17487         8.00
       2.030     0.887500        17740         8.89
       2.067     0.900000        17990        10.00
       2.107     0.912500        18247        11.43
       2.151     0.925000        18490        13.33
       2.203     0.937500        18742        16.00
       2.231     0.943750        18868        17.78
       2.253     0.950000        18986        20.00
       2.281     0.956250        19116        22.86
       2.309     0.962500        19238        26.67
       2.347     0.968750        19364        32.00
       2.367     0.971875        19425        35.56
       2.387     0.975000        19487        40.00
       2.415     0.978125        19550        45.71
       2.451     0.981250        19616        53.33
       2.493     0.984375        19674        64.00
       2.527     0.985938        19707        71.11
       2.547     0.987500        19738        80.00
       2.573     0.989062        19767        91.43
       2.617     0.990625        19799       106.67
       2.675     0.992188        19831       128.00
       2.709     0.992969        19846       142.22
       2.763     0.993750        19861       160.00
       2.827     0.994531        19876       182.86
       2.895     0.995313        19892       213.33
       3.001     0.996094        19907       256.00
       3.021     0.996484        19916       284.44
       3.069     0.996875        19923       320.00
       3.187     0.997266        19931       365.71
       3.333     0.997656        19939       426.67
       3.441     0.998047        19946       512.00
       3.601     0.998242        19950       568.89
       3.679     0.998437        19954       640.00
       3.771     0.998633        19958       731.43
       4.159     0.998828        19962       853.33
       4.619     0.999023        19966      1024.00
       4.663     0.999121        19968      1137.78
       5.479     0.999219        19970      1280.00
       6.311     0.999316        19972      1462.86
       7.151     0.999414        19974      1706.67
       7.999     0.999512        19976      2048.00
       8.415     0.999561        19977      2275.56
       8.815     0.999609        19978      2560.00
       9.207     0.999658        19979      2925.71
       9.631     0.999707        19980      3413.33
      10.063     0.999756        19981      4096.00
      10.063     0.999780        19981      4551.11
      10.487     0.999805        19982      5120.00
      10.487     0.999829        19982      5851.43
      10.839     0.999854        19983      6826.67
      10.839     0.999878        19983      8192.00
      10.839     0.999890        19983      9102.22
      10.911     0.999902        19984     10240.00
      10.911     0.999915        19984     11702.86
      10.911     0.999927        19984     13653.33
      10.911     0.999939        19984     16384.00
      10.911     0.999945        19984     18204.44
      10.983     0.999951        19985     20480.00
      10.983     1.000000        19985          inf
#[Mean    =        1.235, StdDeviation   =        0.647]
#[Max     =       10.976, Total count    =        19985]
#[Buckets =           27, SubBuckets     =         2048]
----------------------------------------------------------
  39995 requests in 20.00s, 4.00MB read
Requests/sec:   1999.77
Transfer/sec:    205.05KB

Running 20s test @ http://127.0.0.1:8080/v0/status
  1 threads and 10 connections
  Thread calibration: mean lat.: 1.695ms, rate sampling interval: 10ms
  Thread Stats   Avg      Stdev     Max   +/- Stdev
    Latency     1.31ms  573.51us   3.97ms   59.57%
    Req/Sec     2.11k   293.92     3.33k    79.81%
  Latency Distribution (HdrHistogram - Recorded Latency)
 50.000%    1.28ms
 75.000%    1.78ms
 90.000%    2.07ms
 99.000%    2.57ms
 99.900%    3.14ms
 99.990%    3.73ms
 99.999%    3.97ms
100.000%    3.97ms

  Detailed Percentile spectrum:
       Value   Percentile   TotalCount 1/(1-Percentile)

       0.178     0.000000            1         1.00
       0.569     0.100000         1995         1.11
       0.725     0.200000         3985         1.25
       0.903     0.300000         5974         1.43
       1.099     0.400000         7968         1.67
       1.285     0.500000         9955         2.00
       1.379     0.550000        10945         2.22
       1.468     0.600000        11947         2.50
       1.564     0.650000        12935         2.86
       1.672     0.700000        13932         3.33
       1.780     0.750000        14930         4.00
       1.833     0.775000        15425         4.44
       1.881     0.800000        15936         5.00
       1.925     0.825000        16427         5.71
       1.970     0.850000        16917         6.67
       2.017     0.875000        17417         8.00
       2.042     0.887500        17665         8.89
       2.069     0.900000        17923        10.00
       2.099     0.912500        18167        11.43
       2.137     0.925000        18419        13.33
       2.177     0.937500        18664        16.00
       2.197     0.943750        18784        17.78
       2.217     0.950000        18920        20.00
       2.241     0.956250        19035        22.86
       2.271     0.962500        19159        26.67
       2.311     0.968750        19280        32.00
       2.333     0.971875        19342        35.56
       2.361     0.975000        19405        40.00
       2.391     0.978125        19466        45.71
       2.419     0.981250        19528        53.33
       2.467     0.984375        19590        64.00
       2.491     0.985938        19621        71.11
       2.517     0.987500        19653        80.00
       2.551     0.989062        19684        91.43
       2.585     0.990625        19716       106.67
       2.625     0.992188        19746       128.00
       2.651     0.992969        19761       142.22
       2.677     0.993750        19776       160.00
       2.711     0.994531        19792       182.86
       2.739     0.995313        19807       213.33
       2.787     0.996094        19823       256.00
       2.819     0.996484        19832       284.44
       2.837     0.996875        19838       320.00
       2.869     0.997266        19846       365.71
       2.909     0.997656        19854       426.67
       2.979     0.998047        19862       512.00
       3.011     0.998242        19866       568.89
       3.025     0.998437        19869       640.00
       3.069     0.998633        19873       731.43
       3.103     0.998828        19877       853.33
       3.145     0.999023        19881      1024.00
       3.153     0.999121        19883      1137.78
       3.209     0.999219        19885      1280.00
       3.287     0.999316        19887      1462.86
       3.305     0.999414        19889      1706.67
       3.329     0.999512        19891      2048.00
       3.333     0.999561        19892      2275.56
       3.339     0.999609        19893      2560.00
       3.355     0.999658        19894      2925.71
       3.405     0.999707        19895      3413.33
       3.419     0.999756        19896      4096.00
       3.419     0.999780        19896      4551.11
       3.425     0.999805        19897      5120.00
       3.425     0.999829        19897      5851.43
       3.727     0.999854        19898      6826.67
       3.727     0.999878        19898      8192.00
       3.727     0.999890        19898      9102.22
       3.935     0.999902        19899     10240.00
       3.935     0.999915        19899     11702.86
       3.935     0.999927        19899     13653.33
       3.935     0.999939        19899     16384.00
       3.935     0.999945        19899     18204.44
       3.975     0.999951        19900     20480.00
       3.975     1.000000        19900          inf
#[Mean    =        1.309, StdDeviation   =        0.574]
#[Max     =        3.974, Total count    =        19900]
#[Buckets =           27, SubBuckets     =         2048]
----------------------------------------------------------
  39956 requests in 20.00s, 4.00MB read
Requests/sec:   1997.60
Transfer/sec:    204.83KB

Running 20s test @ http://127.0.0.1:8080/v0/status
  1 threads and 100 connections
  Thread calibration: mean lat.: 98.507ms, rate sampling interval: 968ms
  Thread Stats   Avg      Stdev     Max   +/- Stdev
    Latency     1.38ms  659.29us   7.12ms   67.07%
    Req/Sec     2.00k     3.84     2.01k    77.78%
  Latency Distribution (HdrHistogram - Recorded Latency)
 50.000%    1.33ms
 75.000%    1.83ms
 90.000%    2.20ms
 99.000%    3.02ms
 99.900%    5.54ms
 99.990%    6.38ms
 99.999%    7.12ms
100.000%    7.12ms

  Detailed Percentile spectrum:
       Value   Percentile   TotalCount 1/(1-Percentile)

       0.122     0.000000            1         1.00
       0.582     0.100000         1903         1.11
       0.778     0.200000         3805         1.25
       0.960     0.300000         5704         1.43
       1.142     0.400000         7602         1.67
       1.326     0.500000         9504         2.00
       1.424     0.550000        10453         2.22
       1.523     0.600000        11401         2.50
       1.627     0.650000        12355         2.86
       1.727     0.700000        13304         3.33
       1.831     0.750000        14252         4.00
       1.887     0.775000        14731         4.44
       1.947     0.800000        15202         5.00
       2.002     0.825000        15687         5.71
       2.065     0.850000        16164         6.67
       2.133     0.875000        16634         8.00
       2.171     0.887500        16867         8.89
       2.207     0.900000        17110        10.00
       2.247     0.912500        17348        11.43
       2.291     0.925000        17575        13.33
       2.357     0.937500        17819        16.00
       2.387     0.943750        17932        17.78
       2.431     0.950000        18055        20.00
       2.477     0.956250        18168        22.86
       2.541     0.962500        18287        26.67
       2.613     0.968750        18409        32.00
       2.647     0.971875        18465        35.56
       2.689     0.975000        18525        40.00
       2.741     0.978125        18585        45.71
       2.795     0.981250        18643        53.33
       2.859     0.984375        18703        64.00
       2.895     0.985938        18732        71.11
       2.935     0.987500        18764        80.00
       2.989     0.989062        18792        91.43
       3.059     0.990625        18821       106.67
       3.127     0.992188        18851       128.00
       3.209     0.992969        18866       142.22
       3.279     0.993750        18881       160.00
       3.365     0.994531        18896       182.86
       3.465     0.995313        18910       213.33
       3.741     0.996094        18925       256.00
       3.873     0.996484        18934       284.44
       4.041     0.996875        18940       320.00
       4.363     0.997266        18948       365.71
       4.563     0.997656        18955       426.67
       4.875     0.998047        18962       512.00
       4.947     0.998242        18966       568.89
       5.155     0.998437        18970       640.00
       5.311     0.998633        18975       731.43
       5.399     0.998828        18977       853.33
       5.543     0.999023        18981      1024.00
       5.619     0.999121        18983      1137.78
       5.667     0.999219        18985      1280.00
       5.831     0.999316        18987      1462.86
       5.863     0.999414        18988      1706.67
       5.903     0.999512        18990      2048.00
       6.055     0.999561        18991      2275.56
       6.083     0.999609        18992      2560.00
       6.115     0.999658        18993      2925.71
       6.135     0.999707        18994      3413.33
       6.211     0.999756        18995      4096.00
       6.211     0.999780        18995      4551.11
       6.227     0.999805        18996      5120.00
       6.227     0.999829        18996      5851.43
       6.379     0.999854        18997      6826.67
       6.379     0.999878        18997      8192.00
       6.379     0.999890        18997      9102.22
       6.707     0.999902        18998     10240.00
       6.707     0.999915        18998     11702.86
       6.707     0.999927        18998     13653.33
       6.707     0.999939        18998     16384.00
       6.707     0.999945        18998     18204.44
       7.119     0.999951        18999     20480.00
       7.119     1.000000        18999          inf
#[Mean    =        1.384, StdDeviation   =        0.659]
#[Max     =        7.116, Total count    =        18999]
#[Buckets =           27, SubBuckets     =         2048]
----------------------------------------------------------
  39550 requests in 20.00s, 3.96MB read
Requests/sec:   1977.47
Transfer/sec:    202.77KB

Running 20s test @ http://127.0.0.1:8080/v0/status
  1 threads and 1000 connections
  Thread calibration: mean lat.: 2.438ms, rate sampling interval: 10ms
  Thread Stats   Avg      Stdev     Max   +/- Stdev
    Latency     1.71ms  828.06us   7.07ms   69.52%
    Req/Sec   568.99      1.76k    9.56k    93.42%
  Latency Distribution (HdrHistogram - Recorded Latency)
 50.000%    1.57ms
 75.000%    2.20ms
 90.000%    2.85ms
 99.000%    4.05ms
 99.900%    6.20ms
 99.990%    7.07ms
 99.999%    7.07ms
100.000%    7.07ms

  Detailed Percentile spectrum:
       Value   Percentile   TotalCount 1/(1-Percentile)

       0.201     0.000000            1         1.00
       0.772     0.100000          252         1.11
       0.989     0.200000          507         1.25
       1.200     0.300000          756         1.43
       1.376     0.400000         1008         1.67
       1.565     0.500000         1260         2.00
       1.675     0.550000         1386         2.22
       1.788     0.600000         1512         2.50
       1.911     0.650000         1639         2.86
       2.051     0.700000         1767         3.33
       2.203     0.750000         1890         4.00
       2.269     0.775000         1954         4.44
       2.373     0.800000         2016         5.00
       2.469     0.825000         2081         5.71
       2.583     0.850000         2142         6.67
       2.719     0.875000         2207         8.00
       2.785     0.887500         2237         8.89
       2.849     0.900000         2269        10.00
       2.931     0.912500         2302        11.43
       2.997     0.925000         2331        13.33
       3.085     0.937500         2363        16.00
       3.125     0.943750         2379        17.78
       3.177     0.950000         2394        20.00
       3.231     0.956250         2412        22.86
       3.289     0.962500         2427        26.67
       3.357     0.968750         2442        32.00
       3.413     0.971875         2450        35.56
       3.465     0.975000         2457        40.00
       3.515     0.978125         2466        45.71
       3.597     0.981250         2473        53.33
       3.685     0.984375         2481        64.00
       3.753     0.985938         2485        71.11
       3.883     0.987500         2489        80.00
       4.019     0.989062         2493        91.43
       4.075     0.990625         2497       106.67
       4.195     0.992188         2501       128.00
       4.295     0.992969         2503       142.22
       4.303     0.993750         2505       160.00
       4.515     0.994531         2507       182.86
       4.759     0.995313         2509       213.33
       5.103     0.996094         2511       256.00
       5.327     0.996484         2512       284.44
       5.575     0.996875         2513       320.00
       5.739     0.997266         2515       365.71
       5.739     0.997656         2515       426.67
       5.923     0.998047         2516       512.00
       5.923     0.998242         2516       568.89
       6.195     0.998437         2517       640.00
       6.195     0.998633         2517       731.43
       6.323     0.998828         2518       853.33
       6.323     0.999023         2518      1024.00
       6.323     0.999121         2518      1137.78
       7.003     0.999219         2519      1280.00
       7.003     0.999316         2519      1462.86
       7.003     0.999414         2519      1706.67
       7.003     0.999512         2519      2048.00
       7.003     0.999561         2519      2275.56
       7.075     0.999609         2520      2560.00
       7.075     1.000000         2520          inf
#[Mean    =        1.713, StdDeviation   =        0.828]
#[Max     =        7.072, Total count    =         2520]
#[Buckets =           27, SubBuckets     =         2048]
----------------------------------------------------------
  9580 requests in 20.01s, 0.96MB read
  Socket errors: connect 748, read 0, write 0, timeout 5236
Requests/sec:    478.80
Transfer/sec:     49.10KB