****************
*
* GET
*
****************

andrey@andrey:~/wrk2$ ./wrk -t4 -c64 -d40s -R10000 -s get.lua --latency http://127.0.0.1:8080
Running 40s test @ http://127.0.0.1:8080
  4 threads and 64 connections
  Thread calibration: mean lat.: 2.079ms, rate sampling interval: 10ms
  Thread calibration: mean lat.: 2.249ms, rate sampling interval: 10ms
  Thread calibration: mean lat.: 2.318ms, rate sampling interval: 10ms
  Thread calibration: mean lat.: 2.229ms, rate sampling interval: 10ms
  Thread Stats   Avg      Stdev     Max   +/- Stdev
    Latency     1.76ms    1.32ms  34.82ms   89.00%
    Req/Sec     2.65k   437.78    11.00k    76.13%
  Latency Distribution (HdrHistogram - Recorded Latency)
 50.000%    1.54ms
 75.000%    2.19ms
 90.000%    2.89ms
 99.000%    6.42ms
 99.900%   15.44ms
 99.990%   27.58ms
 99.999%   33.31ms
100.000%   34.85ms

  Detailed Percentile spectrum:
       Value   Percentile   TotalCount 1/(1-Percentile)

       0.087     0.000000            1         1.00
       0.670     0.100000        29982         1.11
       0.913     0.200000        59924         1.25
       1.126     0.300000        89818         1.43
       1.333     0.400000       119822         1.67
       1.544     0.500000       149651         2.00
       1.655     0.550000       164637         2.22
       1.771     0.600000       179529         2.50
       1.896     0.650000       194554         2.86
       2.034     0.700000       209523         3.33
       2.189     0.750000       224490         4.00
       2.273     0.775000       231965         4.44
       2.367     0.800000       239431         5.00
       2.471     0.825000       246916         5.71
       2.589     0.850000       254370         6.67
       2.723     0.875000       261874         8.00
       2.801     0.887500       265553         8.89
       2.889     0.900000       269353        10.00
       2.989     0.912500       273055        11.43
       3.105     0.925000       276766        13.33
       3.243     0.937500       280510        16.00
       3.323     0.943750       282386        17.78
       3.415     0.950000       284273        20.00
       3.531     0.956250       286125        22.86
       3.665     0.962500       287985        26.67
       3.845     0.968750       289865        32.00
       3.963     0.971875       290797        35.56
       4.107     0.975000       291748        40.00
       4.299     0.978125       292674        45.71
       4.543     0.981250       293599        53.33
       4.959     0.984375       294533        64.00
       5.255     0.985938       294995        71.11
       5.619     0.987500       295463        80.00
       6.111     0.989062       295931        91.43
       6.667     0.990625       296397       106.67
       7.395     0.992188       296865       128.00
       7.847     0.992969       297099       142.22
       8.327     0.993750       297333       160.00
       8.815     0.994531       297566       182.86
       9.383     0.995313       297801       213.33
      10.111     0.996094       298036       256.00
      10.415     0.996484       298151       284.44
      10.847     0.996875       298268       320.00
      11.295     0.997266       298385       365.71
      11.863     0.997656       298501       426.67
      12.543     0.998047       298618       512.00
      12.999     0.998242       298677       568.89
      13.487     0.998437       298735       640.00
      14.079     0.998633       298793       731.43
      14.687     0.998828       298853       853.33
      15.599     0.999023       298911      1024.00
      16.287     0.999121       298940      1137.78
      16.943     0.999219       298971      1280.00
      17.743     0.999316       298998      1462.86
      18.815     0.999414       299027      1706.67
      20.431     0.999512       299056      2048.00
      21.343     0.999561       299071      2275.56
      21.823     0.999609       299086      2560.00
      22.431     0.999658       299100      2925.71
      23.199     0.999707       299116      3413.33
      24.271     0.999756       299129      4096.00
      24.991     0.999780       299137      4551.11
      25.775     0.999805       299144      5120.00
      26.495     0.999829       299151      5851.43
      26.831     0.999854       299159      6826.67
      27.263     0.999878       299166      8192.00
      27.519     0.999890       299170      9102.22
      27.743     0.999902       299173     10240.00
      28.095     0.999915       299177     11702.86
      28.943     0.999927       299181     13653.33
      29.887     0.999939       299184     16384.00
      29.951     0.999945       299186     18204.44
      30.239     0.999951       299188     20480.00
      30.751     0.999957       299190     23405.71
      31.615     0.999963       299192     27306.67
      31.839     0.999969       299193     32768.00
      32.015     0.999973       299194     36408.89
      32.191     0.999976       299195     40960.00
      32.431     0.999979       299196     46811.43
      33.119     0.999982       299197     54613.33
      33.151     0.999985       299198     65536.00
      33.151     0.999986       299198     72817.78
      33.311     0.999988       299199     81920.00
      33.311     0.999989       299199     93622.86
      34.399     0.999991       299200    109226.67
      34.399     0.999992       299200    131072.00
      34.399     0.999993       299200    145635.56
      34.431     0.999994       299201    163840.00
      34.431     0.999995       299201    187245.71
      34.431     0.999995       299201    218453.33
      34.431     0.999996       299201    262144.00
      34.431     0.999997       299201    291271.11
      34.847     0.999997       299202    327680.00
      34.847     1.000000       299202          inf
#[Mean    =        1.759, StdDeviation   =        1.320]
#[Max     =       34.816, Total count    =       299202]
#[Buckets =           27, SubBuckets     =         2048]
----------------------------------------------------------
  399632 requests in 40.00s, 25.49MB read
Requests/sec:   9990.98
Transfer/sec:    652.62KB


****************
*
* PUT
*
****************
andrey@andrey:~/wrk2$ ./wrk -t4 -c64 -d40s -R10000 -s put.lua --latency http://127.0.0.1:8080
Running 40s test @ http://127.0.0.1:8080
  4 threads and 64 connections
  Thread calibration: mean lat.: 2.649ms, rate sampling interval: 10ms
  Thread calibration: mean lat.: 2.647ms, rate sampling interval: 10ms
  Thread calibration: mean lat.: 2.656ms, rate sampling interval: 10ms
  Thread calibration: mean lat.: 2.735ms, rate sampling interval: 10ms
  Thread Stats   Avg      Stdev     Max   +/- Stdev
    Latency     2.86ms    5.33ms  73.28ms   96.68%
    Req/Sec     2.65k   618.80     8.90k    79.63%
  Latency Distribution (HdrHistogram - Recorded Latency)
 50.000%    1.96ms
 75.000%    2.74ms
 90.000%    3.85ms
 99.000%   27.22ms
 99.900%   63.94ms
 99.990%   68.99ms
 99.999%   72.25ms
100.000%   73.34ms

  Detailed Percentile spectrum:
       Value   Percentile   TotalCount 1/(1-Percentile)

       0.104     0.000000            1         1.00
       0.917     0.100000        29946         1.11
       1.226     0.200000        59883         1.25
       1.481     0.300000        89777         1.43
       1.718     0.400000       119758         1.67
       1.959     0.500000       149610         2.00
       2.089     0.550000       164795         2.22
       2.223     0.600000       179622         2.50
       2.371     0.650000       194481         2.86
       2.539     0.700000       209487         3.33
       2.737     0.750000       224439         4.00
       2.851     0.775000       231891         4.44
       2.979     0.800000       239424         5.00
       3.125     0.825000       246915         5.71
       3.299     0.850000       254343         6.67
       3.525     0.875000       261812         8.00
       3.671     0.887500       265560         8.89
       3.849     0.900000       269298        10.00
       4.085     0.912500       273026        11.43
       4.399     0.925000       276776        13.33
       4.859     0.937500       280491        16.00
       5.215     0.943750       282365        17.78
       5.735     0.950000       284230        20.00
       6.415     0.956250       286095        22.86
       7.371     0.962500       287965        26.67
       8.639     0.968750       289839        32.00
       9.503     0.971875       290771        35.56
      10.671     0.975000       291705        40.00
      12.159     0.978125       292645        45.71
      14.015     0.981250       293577        53.33
      17.055     0.984375       294510        64.00
      19.231     0.985938       294979        71.11
      22.143     0.987500       295448        80.00
      25.087     0.989062       295912        91.43
      28.671     0.990625       296381       106.67
      33.695     0.992188       296849       128.00
      37.919     0.992969       297081       142.22
      44.991     0.993750       297315       160.00
      50.335     0.994531       297551       182.86
      54.655     0.995313       297782       213.33
      57.663     0.996094       298017       256.00
      58.719     0.996484       298134       284.44
      59.615     0.996875       298254       320.00
      60.447     0.997266       298368       365.71
      61.215     0.997656       298487       426.67
      61.919     0.998047       298600       512.00
      62.367     0.998242       298662       568.89
      62.719     0.998437       298717       640.00
      63.263     0.998633       298777       731.43
      63.615     0.998828       298836       853.33
      64.031     0.999023       298892      1024.00
      64.319     0.999121       298927      1137.78
      64.479     0.999219       298951      1280.00
      64.639     0.999316       298980      1462.86
      64.831     0.999414       299009      1706.67
      65.311     0.999512       299038      2048.00
      65.471     0.999561       299053      2275.56
      65.727     0.999609       299068      2560.00
      66.111     0.999658       299082      2925.71
      66.687     0.999707       299098      3413.33
      67.007     0.999756       299111      4096.00
      67.135     0.999780       299123      4551.11
      67.391     0.999805       299127      5120.00
      67.711     0.999829       299133      5851.43
      68.351     0.999854       299143      6826.67
      68.543     0.999878       299148      8192.00
      68.735     0.999890       299153      9102.22
      68.991     0.999902       299156     10240.00
      69.375     0.999915       299161     11702.86
      69.567     0.999927       299163     13653.33
      69.695     0.999939       299167     16384.00
      69.823     0.999945       299168     18204.44
      69.951     0.999951       299170     20480.00
      70.015     0.999957       299172     23405.71
      70.143     0.999963       299174     27306.67
      70.271     0.999969       299175     32768.00
      70.399     0.999973       299176     36408.89
      70.719     0.999976       299178     40960.00
      70.719     0.999979       299178     46811.43
      71.807     0.999982       299179     54613.33
      71.999     0.999985       299180     65536.00
      71.999     0.999986       299180     72817.78
      72.255     0.999988       299181     81920.00
      72.255     0.999989       299181     93622.86
      73.023     0.999991       299182    109226.67
      73.023     0.999992       299182    131072.00
      73.023     0.999993       299182    145635.56
      73.343     0.999994       299184    163840.00
      73.343     1.000000       299184          inf
#[Mean    =        2.863, StdDeviation   =        5.329]
#[Max     =       73.280, Total count    =       299184]
#[Buckets =           27, SubBuckets     =         2048]
----------------------------------------------------------
  397218 requests in 40.00s, 25.38MB read
Requests/sec:   9930.57
Transfer/sec:    649.75KB



