Running 1m test @ http://127.0.0.1:8080
  1 threads and 1 connections
  Thread calibration: mean lat.: 3070.058ms, rate sampling interval: 11067ms
  Thread Stats   Avg      Stdev     Max   +/- Stdev
    Latency    21.57s     8.90s   36.90s    57.67%
    Req/Sec   768.00      4.85   776.00     75.00%
  Latency Distribution (HdrHistogram - Recorded Latency)
 50.000%   21.66s 
 75.000%   29.28s 
 90.000%   33.85s 
 99.000%   36.63s 
 99.900%   36.90s 
 99.990%   36.93s 
 99.999%   36.93s 
100.000%   36.93s 

  Detailed Percentile spectrum:
       Value   Percentile   TotalCount 1/(1-Percentile)

    6131.711     0.000000            4         1.00
    9175.039     0.100000         3853         1.11
   12271.615     0.200000         7694         1.25
   15441.919     0.300000        11529         1.43
   18513.919     0.400000        15385         1.67
   21659.647     0.500000        19220         2.00
   23216.127     0.550000        21138         2.22
   24739.839     0.600000        23058         2.50
   26247.167     0.650000        24976         2.86
   27770.879     0.700000        26900         3.33
   29278.207     0.750000        28819         4.00
   30048.255     0.775000        29788         4.44
   30818.303     0.800000        30754         5.00
   31571.967     0.825000        31705         5.71
   32342.015     0.850000        32679         6.67
   33079.295     0.875000        33631         8.00
   33456.127     0.887500        34110         8.89
   33849.343     0.900000        34608        10.00
   34209.791     0.912500        35073        11.43
   34603.007     0.925000        35572        13.33
   34963.455     0.937500        36028        16.00
   35160.063     0.943750        36279        17.78
   35356.671     0.950000        36532        20.00
   35520.511     0.956250        36747        22.86
   35717.119     0.962500        36997        26.67
   35913.727     0.968750        37227        32.00
   36044.799     0.971875        37376        35.56
   36143.103     0.975000        37500        40.00
   36241.407     0.978125        37613        45.71
   36339.711     0.981250        37721        53.33
   36438.015     0.984375        37829        64.00
   36503.551     0.985938        37912        71.11
   36536.319     0.987500        37953        80.00
   36601.855     0.989062        38036        91.43
   36634.623     0.990625        38076       106.67
   36700.159     0.992188        38158       128.00
   36700.159     0.992969        38158       142.22
   36732.927     0.993750        38201       160.00
   36765.695     0.994531        38242       182.86
   36798.463     0.995313        38282       213.33
   36798.463     0.996094        38282       256.00
   36831.231     0.996484        38324       284.44
   36831.231     0.996875        38324       320.00
   36831.231     0.997266        38324       365.71
   36863.999     0.997656        38367       426.67
   36863.999     0.998047        38367       512.00
   36863.999     0.998242        38367       568.89
   36863.999     0.998437        38367       640.00
   36896.767     0.998633        38407       731.43
   36896.767     0.998828        38407       853.33
   36896.767     0.999023        38407      1024.00
   36896.767     0.999121        38407      1137.78
   36896.767     0.999219        38407      1280.00
   36896.767     0.999316        38407      1462.86
   36896.767     0.999414        38407      1706.67
   36896.767     0.999512        38407      2048.00
   36896.767     0.999561        38407      2275.56
   36929.535     0.999609        38423      2560.00
   36929.535     1.000000        38423          inf
#[Mean    =    21566.572, StdDeviation   =     8897.722]
#[Max     =    36896.768, Total count    =        38423]
#[Buckets =           27, SubBuckets     =         2048]
----------------------------------------------------------
  46175 requests in 1.00m, 2.95MB read
Requests/sec:    769.62
Transfer/sec:     50.36KB
