../../wrk2/wrk2/wrk -t1 -c1 -d 5m -R 2000 -s getS.lua --latency http://localhost:8080
Running 5m test @ http://localhost:8080
  1 threads and 1 connections
  Thread calibration: mean lat.: 3051.473ms, rate sampling interval: 15278ms
  Thread Stats   Avg      Stdev     Max   +/- Stdev
    Latency     1.55m    39.84s    4.04m    79.94%
    Req/Sec   404.44    710.67     2.98k    88.89%
  Latency Distribution (HdrHistogram - Recorded Latency)
 50.000%    1.58m 
 75.000%    1.61m 
 90.000%    2.01m 
 99.000%    3.85m 
 99.900%    4.03m 
 99.990%    4.05m 
 99.999%    4.05m 
100.000%    4.05m 

  Detailed Percentile spectrum:
       Value   Percentile   TotalCount 1/(1-Percentile)

    9125.887     0.000000            1         1.00
   42369.023     0.100000        11278         1.11
   85786.623     0.200000        22694         1.25
   89587.711     0.300000        34019         1.43
   92536.831     0.400000        45326         1.67
   94568.447     0.500000        56900         2.00
   95158.271     0.550000        62709         2.22
   95617.023     0.600000        68390         2.50
   96010.239     0.650000        74068         2.86
   96337.919     0.700000        80210         3.33
   96534.527     0.750000        86088         4.00
   96600.063     0.775000        88257         4.44
   96665.599     0.800000        91532         5.00
   96731.135     0.825000        96497         5.71
   96731.135     0.850000        96497         6.67
   96796.671     0.875000        99383         8.00
  104529.919     0.887500       100068         8.89
  120324.095     0.900000       101478        10.00
  136052.735     0.912500       102889        11.43
  151650.303     0.925000       104300        13.33
  167116.799     0.937500       105712        16.00
  174850.047     0.943750       106419        17.78
  182452.223     0.950000       107118        20.00
  190054.399     0.956250       107821        22.86
  197787.647     0.962500       108532        26.67
  205389.823     0.968750       109236        32.00
  209190.911     0.971875       109590        35.56
  212991.999     0.975000       109943        40.00
  216662.015     0.978125       110286        45.71
  220463.103     0.981250       110643        53.33
  224264.191     0.984375       111000        64.00
  226099.199     0.985938       111172        71.11
  227934.207     0.987500       111344        80.00
  229900.287     0.989062       111530        91.43
  231735.295     0.990625       111703       106.67
  233570.303     0.992188       111878       128.00
  234487.807     0.992969       111965       142.22
  235405.311     0.993750       112052       160.00
  236322.815     0.994531       112139       182.86
  237240.319     0.995313       112226       213.33
  238157.823     0.996094       112314       256.00
  238682.111     0.996484       112364       284.44
  239075.327     0.996875       112401       320.00
  239599.615     0.997266       112452       365.71
  239992.831     0.997656       112489       426.67
  240517.119     0.998047       112539       512.00
  240779.263     0.998242       112564       568.89
  240910.335     0.998437       112576       640.00
  241172.479     0.998633       112601       731.43
  241434.623     0.998828       112626       853.33
  241696.767     0.999023       112652      1024.00
  241827.839     0.999121       112664      1137.78
  241827.839     0.999219       112664      1280.00
  241958.911     0.999316       112677      1462.86
  242089.983     0.999414       112689      1706.67
  242221.055     0.999512       112702      2048.00
  242352.127     0.999561       112714      2275.56
  242352.127     0.999609       112714      2560.00
  242352.127     0.999658       112714      2925.71
  242483.199     0.999707       112727      3413.33
  242483.199     0.999756       112727      4096.00
  242614.271     0.999780       112740      4551.11
  242614.271     0.999805       112740      5120.00
  242614.271     0.999829       112740      5851.43
  242614.271     0.999854       112740      6826.67
  242614.271     0.999878       112740      8192.00
  242614.271     0.999890       112740      9102.22
  242745.343     0.999902       112752     10240.00
  242745.343     1.000000       112752          inf
#[Mean    =    93166.097, StdDeviation   =    39836.974]
#[Max     =   242614.272, Total count    =       112752]
#[Buckets =           27, SubBuckets     =         2048]
----------------------------------------------------------
  114523 requests in 5.00m, 7.97MB read
Requests/sec:    381.73
Transfer/sec:     27.19KB
