../../wrk2/wrk2/wrk -t1 -c1 -d 2m -R 2000 -s putS.lua --latency http://localhost:8080
Running 2m test @ http://localhost:8080
  1 threads and 1 connections
  Thread calibration: mean lat.: 0.929ms, rate sampling interval: 10ms
  Thread Stats   Avg      Stdev     Max   +/- Stdev
    Latency     0.89ms  453.33us  10.07ms   63.59%
    Req/Sec     2.12k   136.70     3.70k    78.84%
  Latency Distribution (HdrHistogram - Recorded Latency)
 50.000%    0.89ms
 75.000%    1.20ms
 90.000%    1.52ms
 99.000%    1.72ms
 99.900%    1.85ms
 99.990%    7.47ms
 99.999%    9.65ms
100.000%   10.08ms

  Detailed Percentile spectrum:
       Value   Percentile   TotalCount 1/(1-Percentile)

       0.023     0.000000            1         1.00
       0.259     0.100000        22011         1.11
       0.475     0.200000        44069         1.25
       0.672     0.300000        66074         1.43
       0.782     0.400000        88134         1.67
       0.889     0.500000       110079         2.00
       0.943     0.550000       121079         2.22
       0.997     0.600000       132030         2.50
       1.050     0.650000       143107         2.86
       1.106     0.700000       154051         3.33
       1.201     0.750000       165089         4.00
       1.255     0.775000       170575         4.44
       1.307     0.800000       176034         5.00
       1.359     0.825000       181586         5.71
       1.412     0.850000       187020         6.67
       1.467     0.875000       192564         8.00
       1.493     0.887500       195335         8.89
       1.518     0.900000       198040        10.00
       1.546     0.912500       200747        11.43
       1.574     0.925000       203531        13.33
       1.601     0.937500       206310        16.00
       1.614     0.943750       207691        17.78
       1.627     0.950000       209016        20.00
       1.640     0.956250       210429        22.86
       1.654     0.962500       211845        26.67
       1.667     0.968750       213208        32.00
       1.673     0.971875       213834        35.56
       1.680     0.975000       214505        40.00
       1.688     0.978125       215228        45.71
       1.696     0.981250       215958        53.33
       1.704     0.984375       216627        64.00
       1.708     0.985938       216966        71.11
       1.713     0.987500       217302        80.00
       1.718     0.989062       217652        91.43
       1.723     0.990625       217959       106.67
       1.730     0.992188       218319       128.00
       1.733     0.992969       218447       142.22
       1.738     0.993750       218657       160.00
       1.742     0.994531       218824       182.86
       1.747     0.995313       218968       213.33
       1.753     0.996094       219161       256.00
       1.756     0.996484       219231       284.44
       1.760     0.996875       219311       320.00
       1.765     0.997266       219400       365.71
       1.771     0.997656       219480       426.67
       1.781     0.998047       219576       512.00
       1.786     0.998242       219608       568.89
       1.795     0.998437       219654       640.00
       1.806     0.998633       219698       731.43
       1.821     0.998828       219738       853.33
       1.862     0.999023       219779      1024.00
       1.951     0.999121       219800      1137.78
       2.117     0.999219       219823      1280.00
       2.345     0.999316       219843      1462.86
       2.787     0.999414       219866      1706.67
       3.329     0.999512       219886      2048.00
       3.761     0.999561       219897      2275.56
       4.175     0.999609       219908      2560.00
       4.619     0.999658       219918      2925.71
       5.091     0.999707       219929      3413.33
       5.555     0.999756       219940      4096.00
       5.763     0.999780       219945      4551.11
       6.107     0.999805       219951      5120.00
       6.483     0.999829       219956      5851.43
       6.883     0.999854       219961      6826.67
       7.143     0.999878       219967      8192.00
       7.391     0.999890       219970      9102.22
       7.495     0.999902       219972     10240.00
       7.835     0.999915       219975     11702.86
       7.887     0.999927       219977     13653.33
       8.231     0.999939       219980     16384.00
       8.239     0.999945       219981     18204.44
       8.287     0.999951       219983     20480.00
       8.367     0.999957       219984     23405.71
       8.527     0.999963       219985     27306.67
       8.743     0.999969       219987     32768.00
       8.743     0.999973       219987     36408.89
       8.983     0.999976       219988     40960.00
       9.199     0.999979       219989     46811.43
       9.199     0.999982       219989     54613.33
       9.407     0.999985       219990     65536.00
       9.407     0.999986       219990     72817.78
       9.655     0.999988       219991     81920.00
       9.655     0.999989       219991     93622.86
       9.655     0.999991       219991    109226.67
       9.679     0.999992       219992    131072.00
       9.679     0.999993       219992    145635.56
       9.679     0.999994       219992    163840.00
       9.679     0.999995       219992    187245.71
       9.679     0.999995       219992    218453.33
      10.079     0.999996       219993    262144.00
      10.079     1.000000       219993          inf
#[Mean    =        0.892, StdDeviation   =        0.453]
#[Max     =       10.072, Total count    =       219993]
#[Buckets =           27, SubBuckets     =         2048]
----------------------------------------------------------
  240000 requests in 2.00m, 15.34MB read
Requests/sec:   2000.00
Transfer/sec:    130.86KB
