Running 2m test @ http://127.0.0.1:8080
  4 threads and 16 connections
  Thread calibration: mean lat.: 45.353ms, rate sampling interval: 147ms
  Thread calibration: mean lat.: 27.434ms, rate sampling interval: 144ms
  Thread calibration: mean lat.: 68.267ms, rate sampling interval: 233ms
  Thread calibration: mean lat.: 45.519ms, rate sampling interval: 152ms
  Thread Stats   Avg      Stdev     Max   +/- Stdev
    Latency    54.53ms  235.88ms   2.88s    95.56%
    Req/Sec   502.67     90.50     1.98k    93.64%
  Latency Distribution (HdrHistogram - Recorded Latency)
 50.000%    3.83ms
 75.000%   10.23ms
 90.000%   48.64ms
 99.000%    1.40s 
 99.900%    2.60s 
 99.990%    2.84s 
 99.999%    2.88s 
100.000%    2.88s 

  Detailed Percentile spectrum:
       Value   Percentile   TotalCount 1/(1-Percentile)

       0.224     0.000000            1         1.00
       1.206     0.100000        22069         1.11
       1.656     0.200000        44140         1.25
       2.153     0.300000        66203         1.43
       2.793     0.400000        88302         1.67
       3.831     0.500000       110340         2.00
       4.491     0.550000       121407         2.22
       5.403     0.600000       132427         2.50
       6.495     0.650000       143458         2.86
       8.123     0.700000       154478         3.33
      10.231     0.750000       165526         4.00
      11.487     0.775000       171039         4.44
      13.287     0.800000       176540         5.00
      15.559     0.825000       182065         5.71
      19.343     0.850000       187579         6.67
      27.327     0.875000       193095         8.00
      35.871     0.887500       195849         8.89
      48.639     0.900000       198605        10.00
      72.255     0.912500       201366        11.43
      97.343     0.925000       204125        13.33
     146.815     0.937500       206886        16.00
     188.415     0.943750       208260        17.78
     238.719     0.950000       209638        20.00
     296.447     0.956250       211020        22.86
     369.151     0.962500       212397        26.67
     469.759     0.968750       213777        32.00
     539.135     0.971875       214468        35.56
     620.543     0.975000       215155        40.00
     728.575     0.978125       215844        45.71
     863.743     0.981250       216540        53.33
    1037.311     0.984375       217224        64.00
    1140.735     0.985938       217572        71.11
    1230.847     0.987500       217915        80.00
    1338.367     0.989062       218260        91.43
    1460.223     0.990625       218603       106.67
    1590.271     0.992188       218949       128.00
    1639.423     0.992969       219122       142.22
    1709.055     0.993750       219293       160.00
    1791.999     0.994531       219465       182.86
    1882.111     0.995313       219637       213.33
    1972.223     0.996094       219811       256.00
    2016.255     0.996484       219897       284.44
    2058.239     0.996875       219983       320.00
    2123.775     0.997266       220068       365.71
    2238.463     0.997656       220154       426.67
    2349.055     0.998047       220243       512.00
    2400.255     0.998242       220284       568.89
    2455.551     0.998437       220328       640.00
    2510.847     0.998633       220371       731.43
    2553.855     0.998828       220414       853.33
    2600.959     0.999023       220456      1024.00
    2627.583     0.999121       220479      1137.78
    2660.351     0.999219       220502      1280.00
    2686.975     0.999316       220522      1462.86
    2707.455     0.999414       220543      1706.67
    2729.983     0.999512       220565      2048.00
    2742.271     0.999561       220576      2275.56
    2750.463     0.999609       220586      2560.00
    2762.751     0.999658       220596      2925.71
    2777.087     0.999707       220608      3413.33
    2791.423     0.999756       220618      4096.00
    2805.759     0.999780       220623      4551.11
    2820.095     0.999805       220629      5120.00
    2824.191     0.999829       220634      5851.43
    2830.335     0.999854       220639      6826.67
    2838.527     0.999878       220646      8192.00
    2840.575     0.999890       220648      9102.22
    2848.767     0.999902       220651     10240.00
    2850.815     0.999915       220653     11702.86
    2852.863     0.999927       220656     13653.33
    2854.911     0.999939       220658     16384.00
    2856.959     0.999945       220659     18204.44
    2861.055     0.999951       220662     20480.00
    2861.055     0.999957       220662     23405.71
    2863.103     0.999963       220664     27306.67
    2865.151     0.999969       220667     32768.00
    2865.151     0.999973       220667     36408.89
    2865.151     0.999976       220667     40960.00
    2865.151     0.999979       220667     46811.43
    2865.151     0.999982       220667     54613.33
    2873.343     0.999985       220668     65536.00
    2873.343     0.999986       220668     72817.78
    2875.391     0.999988       220670     81920.00
    2875.391     0.999989       220670     93622.86
    2875.391     0.999991       220670    109226.67
    2875.391     0.999992       220670    131072.00
    2875.391     0.999993       220670    145635.56
    2875.391     0.999994       220670    163840.00
    2875.391     0.999995       220670    187245.71
    2875.391     0.999995       220670    218453.33
    2883.583     0.999996       220671    262144.00
    2883.583     1.000000       220671          inf
#[Mean    =       54.526, StdDeviation   =      235.881]
#[Max     =     2881.536, Total count    =       220671]
#[Buckets =           27, SubBuckets     =         2048]
----------------------------------------------------------
  239966 requests in 2.00m, 16.63MB read
Requests/sec:   1999.66
Transfer/sec:    141.87KB
