Running 2m test @ http://127.0.0.1:8080
  4 threads and 16 connections
  Thread calibration: mean lat.: 24.539ms, rate sampling interval: 53ms
  Thread calibration: mean lat.: 16.518ms, rate sampling interval: 22ms
  Thread calibration: mean lat.: 32.156ms, rate sampling interval: 165ms
  Thread calibration: mean lat.: 22.361ms, rate sampling interval: 55ms
  Thread Stats   Avg      Stdev     Max   +/- Stdev
    Latency   270.38ms  603.04ms   3.36s    87.64%
    Req/Sec     1.01k   304.16     2.48k    72.65%
  Latency Distribution (HdrHistogram - Recorded Latency)
 50.000%    4.43ms
 75.000%  126.85ms
 90.000%    1.08s 
 99.000%    2.97s 
 99.900%    3.26s 
 99.990%    3.34s 
 99.999%    3.35s 
100.000%    3.36s 

  Detailed Percentile spectrum:
       Value   Percentile   TotalCount 1/(1-Percentile)

       0.212     0.000000            1         1.00
       1.054     0.100000        43884         1.11
       1.482     0.200000        87657         1.25
       1.956     0.300000       131458         1.43
       2.685     0.400000       175210         1.67
       4.427     0.500000       219061         2.00
       6.019     0.550000       240906         2.22
       8.647     0.600000       262810         2.50
      13.455     0.650000       284708         2.86
      27.951     0.700000       306588         3.33
     126.847     0.750000       328489         4.00
     222.847     0.775000       339442         4.44
     335.359     0.800000       350409         5.00
     477.439     0.825000       361353         5.71
     653.311     0.850000       372284         6.67
     862.719     0.875000       383236         8.00
     967.679     0.887500       388729         8.89
    1078.271     0.900000       394200        10.00
    1198.079     0.912500       399661        11.43
    1325.055     0.925000       405139        13.33
    1527.807     0.937500       410619        16.00
    1641.471     0.943750       413345        17.78
    1730.559     0.950000       416100        20.00
    1809.407     0.956250       418839        22.86
    1894.399     0.962500       421572        26.67
    1997.823     0.968750       424304        32.00
    2063.359     0.971875       425662        35.56
    2127.871     0.975000       427048        40.00
    2224.127     0.978125       428401        45.71
    2537.471     0.981250       429770        53.33
    2779.135     0.984375       431158        64.00
    2813.951     0.985938       431839        71.11
    2885.631     0.987500       432513        80.00
    2938.879     0.989062       433208        91.43
    2985.983     0.990625       433907       106.67
    3024.895     0.992188       434636       128.00
    3033.087     0.992969       434922       142.22
    3047.423     0.993750       435270       160.00
    3059.711     0.994531       435624       182.86
    3086.335     0.995313       435943       213.33
    3129.343     0.996094       436270       256.00
    3160.063     0.996484       436461       284.44
    3178.495     0.996875       436613       320.00
    3194.879     0.997266       436787       365.71
    3203.071     0.997656       436979       426.67
    3219.455     0.998047       437139       512.00
    3227.647     0.998242       437213       568.89
    3233.791     0.998437       437312       640.00
    3239.935     0.998633       437385       731.43
    3252.223     0.998828       437471       853.33
    3266.559     0.999023       437566      1024.00
    3270.655     0.999121       437596      1137.78
    3278.847     0.999219       437641      1280.00
    3287.039     0.999316       437692      1462.86
    3291.135     0.999414       437727      1706.67
    3297.279     0.999512       437782      2048.00
    3299.327     0.999561       437790      2275.56
    3303.423     0.999609       437814      2560.00
    3307.519     0.999658       437831      2925.71
    3315.711     0.999707       437853      3413.33
    3321.855     0.999756       437877      4096.00
    3323.903     0.999780       437885      4551.11
    3332.095     0.999805       437899      5120.00
    3338.239     0.999829       437916      5851.43
    3338.239     0.999854       437916      6826.67
    3342.335     0.999878       437939      8192.00
    3342.335     0.999890       437939      9102.22
    3342.335     0.999902       437939     10240.00
    3344.383     0.999915       437953     11702.86
    3344.383     0.999927       437953     13653.33
    3346.431     0.999939       437960     16384.00
    3346.431     0.999945       437960     18204.44
    3346.431     0.999951       437960     20480.00
    3348.479     0.999957       437969     23405.71
    3348.479     0.999963       437969     27306.67
    3348.479     0.999969       437969     32768.00
    3348.479     0.999973       437969     36408.89
    3350.527     0.999976       437972     40960.00
    3350.527     0.999979       437972     46811.43
    3350.527     0.999982       437972     54613.33
    3352.575     0.999985       437974     65536.00
    3352.575     0.999986       437974     72817.78
    3354.623     0.999988       437976     81920.00
    3354.623     0.999989       437976     93622.86
    3354.623     0.999991       437976    109226.67
    3356.671     0.999992       437978    131072.00
    3356.671     0.999993       437978    145635.56
    3356.671     0.999994       437978    163840.00
    3356.671     0.999995       437978    187245.71
    3356.671     0.999995       437978    218453.33
    3358.719     0.999996       437980    262144.00
    3358.719     1.000000       437980          inf
#[Mean    =      270.377, StdDeviation   =      603.035]
#[Max     =     3356.672, Total count    =       437980]
#[Buckets =           27, SubBuckets     =         2048]
----------------------------------------------------------
  478027 requests in 2.00m, 33.27MB read
Requests/sec:   3983.45
Transfer/sec:    283.92KB
