Running 50s test @ http://localhost:8080
  2 threads and 20 connections
  Thread calibration: mean lat.: 1.186ms, rate sampling interval: 10ms
  Thread calibration: mean lat.: 1.227ms, rate sampling interval: 10ms
  Thread Stats   Avg      Stdev     Max   +/- Stdev
    Latency     1.20ms  541.75us  14.63ms   77.63%
    Req/Sec   527.28    102.95     1.20k    70.63%
  Latency Distribution (HdrHistogram - Recorded Latency)
 50.000%    1.16ms
 75.000%    1.45ms
 90.000%    1.79ms
 99.000%    2.32ms
 99.900%    6.82ms
 99.990%   12.46ms
 99.999%   14.64ms
100.000%   14.64ms

  Detailed Percentile spectrum:
       Value   Percentile   TotalCount 1/(1-Percentile)

       0.118     0.000000            1         1.00
       0.638     0.100000         4022         1.11
       0.795     0.200000         8013         1.25
       0.929     0.300000        12001         1.43
       1.050     0.400000        16016         1.67
       1.158     0.500000        19987         2.00
       1.212     0.550000        21986         2.22
       1.264     0.600000        23974         2.50
       1.320     0.650000        26014         2.86
       1.381     0.700000        27981         3.33
       1.453     0.750000        29988         4.00
       1.492     0.775000        30964         4.44
       1.535     0.800000        31962         5.00
       1.582     0.825000        32977         5.71
       1.637     0.850000        33962         6.67
       1.703     0.875000        34970         8.00
       1.741     0.887500        35458         8.89
       1.790     0.900000        35961        10.00
       1.839     0.912500        36461        11.43
       1.896     0.925000        36957        13.33
       1.955     0.937500        37455        16.00
       1.985     0.943750        37706        17.78
       2.018     0.950000        37951        20.00
       2.053     0.956250        38206        22.86
       2.091     0.962500        38455        26.67
       2.127     0.968750        38700        32.00
       2.149     0.971875        38826        35.56
       2.175     0.975000        38962        40.00
       2.195     0.978125        39083        45.71
       2.219     0.981250        39200        53.33
       2.249     0.984375        39326        64.00
       2.265     0.985938        39387        71.11
       2.285     0.987500        39454        80.00
       2.311     0.989062        39519        91.43
       2.335     0.990625        39577       106.67
       2.369     0.992188        39637       128.00
       2.387     0.992969        39670       142.22
       2.415     0.993750        39701       160.00
       2.439     0.994531        39730       182.86
       2.475     0.995313        39762       213.33
       2.509     0.996094        39793       256.00
       2.535     0.996484        39808       284.44
       2.561     0.996875        39824       320.00
       2.601     0.997266        39839       365.71
       2.697     0.997656        39855       426.67
       3.385     0.998047        39870       512.00
       4.543     0.998242        39878       568.89
       5.223     0.998437        39886       640.00
       6.375     0.998633        39894       731.43
       6.663     0.998828        39902       853.33
       6.891     0.999023        39909      1024.00
       7.191     0.999121        39913      1137.78
       7.479     0.999219        39917      1280.00
       8.527     0.999316        39921      1462.86
      10.151     0.999414        39925      1706.67
      10.503     0.999512        39929      2048.00
      10.839     0.999561        39931      2275.56
      11.239     0.999609        39933      2560.00
      11.359     0.999658        39935      2925.71
      11.583     0.999707        39937      3413.33
      11.783     0.999756        39939      4096.00
      11.855     0.999780        39940      4551.11
      11.919     0.999805        39941      5120.00
      12.071     0.999829        39942      5851.43
      12.095     0.999854        39943      6826.67
      12.463     0.999878        39944      8192.00
      12.463     0.999890        39944      9102.22
      12.615     0.999902        39945     10240.00
      12.615     0.999915        39945     11702.86
      13.119     0.999927        39946     13653.33
      13.119     0.999939        39946     16384.00
      13.119     0.999945        39946     18204.44
      13.367     0.999951        39947     20480.00
      13.367     0.999957        39947     23405.71
      13.367     0.999963        39947     27306.67
      13.367     0.999969        39947     32768.00
      13.367     0.999973        39947     36408.89
      14.639     0.999976        39948     40960.00
      14.639     1.000000        39948          inf
#[Mean    =        1.198, StdDeviation   =        0.542]
#[Max     =       14.632, Total count    =        39948]
#[Buckets =           27, SubBuckets     =         2048]
----------------------------------------------------------
  49986 requests in 50.00s, 3.86MB read
Requests/sec:    999.70
Transfer/sec:     79.08KB
