pc@pc-VirtualBox:~/2020-highload-dht$ wrk -t4 -c16 -d60s -s proffiling/STAGE_1/lua-scripts/get.lua -R15000 --latency http://127.0.0.1:8080
Running 1m test @ http://127.0.0.1:8080
  4 threads and 16 connections
  Thread calibration: mean lat.: 1.557ms, rate sampling interval: 10ms
  Thread calibration: mean lat.: 1.578ms, rate sampling interval: 10ms
  Thread calibration: mean lat.: 2.501ms, rate sampling interval: 10ms
  Thread calibration: mean lat.: 1.569ms, rate sampling interval: 10ms
  Thread Stats   Avg      Stdev     Max   +/- Stdev
    Latency     1.56ms    1.16ms  25.46ms   85.34%
    Req/Sec     4.00k   528.27    13.78k    81.44%
  Latency Distribution (HdrHistogram - Recorded Latency)
 50.000%    1.43ms
 75.000%    2.00ms
 90.000%    2.58ms
 99.000%    5.14ms
 99.900%   14.77ms
 99.990%   21.65ms
 99.999%   24.67ms
100.000%   25.47ms

  Detailed Percentile spectrum:
       Value   Percentile   TotalCount 1/(1-Percentile)

       0.025     0.000000            1         1.00
       0.482     0.100000        75172         1.11
       0.787     0.200000       150165         1.25
       1.017     0.300000       225060         1.43
       1.228     0.400000       300186         1.67
       1.431     0.500000       375041         2.00
       1.533     0.550000       412355         2.22
       1.641     0.600000       450065         2.50
       1.747     0.650000       487448         2.86
       1.860     0.700000       524892         3.33
       1.999     0.750000       562392         4.00
       2.081     0.775000       581101         4.44
       2.173     0.800000       600061         5.00
       2.269     0.825000       618788         5.71
       2.367     0.850000       637290         6.67
       2.471     0.875000       656075         8.00
       2.527     0.887500       665600         8.89
       2.583     0.900000       675055        10.00
       2.639     0.912500       684347        11.43
       2.697     0.925000       693518        13.33
       2.765     0.937500       703017        16.00
       2.803     0.943750       707724        17.78
       2.847     0.950000       712360        20.00
       2.901     0.956250       716947        22.86
       2.977     0.962500       721610        26.67
       3.095     0.968750       726305        32.00
       3.183     0.971875       728656        35.56
       3.295     0.975000       730958        40.00
       3.433     0.978125       733303        45.71
       3.597     0.981250       735656        53.33
       3.823     0.984375       737987        64.00
       4.013     0.985938       739147        71.11
       4.339     0.987500       740327        80.00
       4.791     0.989062       741490        91.43
       5.391     0.990625       742662       106.67
       6.171     0.992188       743837       128.00
       6.631     0.992969       744428       142.22
       7.123     0.993750       745004       160.00
       7.727     0.994531       745597       182.86
       8.407     0.995313       746177       213.33
       9.255     0.996094       746764       256.00
       9.711     0.996484       747055       284.44
      10.255     0.996875       747352       320.00
      10.871     0.997266       747643       365.71
      11.615     0.997656       747933       426.67
      12.431     0.998047       748226       512.00
      12.895     0.998242       748374       568.89
      13.303     0.998437       748518       640.00
      13.751     0.998633       748667       731.43
      14.223     0.998828       748811       853.33
      14.847     0.999023       748959      1024.00
      15.231     0.999121       749032      1137.78
      15.615     0.999219       749105      1280.00
      15.983     0.999316       749177      1462.86
      16.479     0.999414       749252      1706.67
      17.007     0.999512       749324      2048.00
      17.295     0.999561       749360      2275.56
      17.663     0.999609       749398      2560.00
      17.983     0.999658       749434      2925.71
      18.383     0.999707       749470      3413.33
      18.911     0.999756       749506      4096.00
      19.231     0.999780       749525      4551.11
      19.647     0.999805       749543      5120.00
      20.175     0.999829       749562      5851.43
      20.639     0.999854       749580      6826.67
      21.263     0.999878       749598      8192.00
      21.439     0.999890       749607      9102.22
      21.727     0.999902       749616     10240.00
      22.031     0.999915       749625     11702.86
      22.415     0.999927       749635     13653.33
      22.799     0.999939       749644     16384.00
      23.039     0.999945       749649     18204.44
      23.327     0.999951       749653     20480.00
      23.535     0.999957       749657     23405.71
      23.663     0.999963       749662     27306.67
      23.903     0.999969       749667     32768.00
      23.999     0.999973       749669     36408.89
      24.191     0.999976       749671     40960.00
      24.223     0.999979       749673     46811.43
      24.335     0.999982       749676     54613.33
      24.479     0.999985       749679     65536.00
      24.479     0.999986       749679     72817.78
      24.607     0.999988       749680     81920.00
      24.623     0.999989       749681     93622.86
      24.687     0.999991       749683    109226.67
      24.719     0.999992       749684    131072.00
      24.719     0.999993       749684    145635.56
      24.895     0.999994       749685    163840.00
      24.895     0.999995       749685    187245.71
      24.975     0.999995       749686    218453.33
      25.023     0.999996       749687    262144.00
      25.023     0.999997       749687    291271.11
      25.023     0.999997       749687    327680.00
      25.023     0.999997       749687    374491.43
      25.183     0.999998       749688    436906.67
      25.183     0.999998       749688    524288.00
      25.183     0.999998       749688    582542.22
      25.183     0.999998       749688    655360.00
      25.183     0.999999       749688    748982.86
      25.471     0.999999       749689    873813.33
      25.471     1.000000       749689          inf
#[Mean    =        1.556, StdDeviation   =        1.162]
#[Max     =       25.456, Total count    =       749689]
#[Buckets =           27, SubBuckets     =         2048]
----------------------------------------------------------
  899849 requests in 1.00m, 63.04MB read
Requests/sec:  14997.35
Transfer/sec:      1.05MB
pc@pc-VirtualBox:~/2020-highload-dht$ 


