$ wrk2 -t 4 -c 64 -L -d2m -s wrk_scripts/get.lua http://localhost:8080 -R 2000
Running 2m test @ http://localhost:8080
  4 threads and 64 connections
  Thread calibration: mean lat.: 5.982ms, rate sampling interval: 37ms
  Thread calibration: mean lat.: 5.872ms, rate sampling interval: 36ms
  Thread calibration: mean lat.: 5.950ms, rate sampling interval: 37ms
  Thread calibration: mean lat.: 5.971ms, rate sampling interval: 37ms
  Thread Stats   Avg      Stdev     Max   +/- Stdev
    Latency     5.30ms    9.38ms 122.18ms   89.79%
    Req/Sec   506.57    105.72     1.28k    84.18%
  Latency Distribution (HdrHistogram - Recorded Latency)
 50.000%    2.21ms
 75.000%    2.73ms
 90.000%   15.29ms
 99.000%   46.91ms
 99.900%   73.02ms
 99.990%   95.29ms
 99.999%  110.27ms
100.000%  122.24ms

  Detailed Percentile spectrum:
       Value   Percentile   TotalCount 1/(1-Percentile)

       0.896     0.000000            1         1.00
       1.523     0.100000        22060         1.11
       1.735     0.200000        44054         1.25
       1.908     0.300000        66021         1.43
       2.061     0.400000        87961         1.67
       2.213     0.500000       109925         2.00
       2.293     0.550000       121119         2.22
       2.379     0.600000       132114         2.50
       2.473     0.650000       143024         2.86
       2.585     0.700000       153922         3.33
       2.729     0.750000       164919         4.00
       2.821     0.775000       170388         4.44
       2.949     0.800000       175921         5.00
       3.165     0.825000       181395         5.71
       4.431     0.850000       186864         6.67
       9.135     0.875000       192366         8.00
      12.015     0.887500       195108         8.89
      15.295     0.900000       197861        10.00
      18.495     0.912500       200609        11.43
      21.407     0.925000       203355        13.33
      24.175     0.937500       206108        16.00
      25.631     0.943750       207474        17.78
      27.247     0.950000       208854        20.00
      28.847     0.956250       210234        22.86
      30.527     0.962500       211599        26.67
      32.447     0.968750       212974        32.00
      33.663     0.971875       213657        35.56
      35.199     0.975000       214353        40.00
      37.151     0.978125       215033        45.71
      39.199     0.981250       215727        53.33
      41.407     0.984375       216409        64.00
      42.751     0.985938       216757        71.11
      44.159     0.987500       217095        80.00
      45.791     0.989062       217437        91.43
      47.679     0.990625       217782       106.67
      50.079     0.992188       218124       128.00
      51.423     0.992969       218295       142.22
      52.799     0.993750       218471       160.00
      54.559     0.994531       218639       182.86
      56.543     0.995313       218809       213.33
      58.847     0.996094       218982       256.00
      60.063     0.996484       219068       284.44
      61.183     0.996875       219154       320.00
      62.431     0.997266       219241       365.71
      64.063     0.997656       219324       426.67
      66.111     0.998047       219412       512.00
      67.263     0.998242       219455       568.89
      68.287     0.998437       219497       640.00
      69.631     0.998633       219539       731.43
      71.359     0.998828       219582       853.33
      73.215     0.999023       219629      1024.00
      73.919     0.999121       219646      1137.78
      75.199     0.999219       219668      1280.00
      76.351     0.999316       219689      1462.86
      77.695     0.999414       219711      1706.67
      80.127     0.999512       219732      2048.00
      81.791     0.999561       219744      2275.56
      82.751     0.999609       219754      2560.00
      84.031     0.999658       219764      2925.71
      85.759     0.999707       219775      3413.33
      87.231     0.999756       219786      4096.00
      88.383     0.999780       219791      4551.11
      90.303     0.999805       219797      5120.00
      91.455     0.999829       219802      5851.43
      92.287     0.999854       219807      6826.67
      94.399     0.999878       219813      8192.00
      95.039     0.999890       219815      9102.22
      95.295     0.999902       219818     10240.00
      95.999     0.999915       219821     11702.86
      97.407     0.999927       219823     13653.33
      98.431     0.999939       219826     16384.00
      98.815     0.999945       219827     18204.44
      99.967     0.999951       219829     20480.00
     100.671     0.999957       219830     23405.71
     101.055     0.999963       219831     27306.67
     105.599     0.999969       219833     32768.00
     105.599     0.999973       219833     36408.89
     106.175     0.999976       219834     40960.00
     106.879     0.999979       219835     46811.43
     106.879     0.999982       219835     54613.33
     107.135     0.999985       219836     65536.00
     107.135     0.999986       219836     72817.78
     110.271     0.999988       219837     81920.00
     110.271     0.999989       219837     93622.86
     110.271     0.999991       219837    109226.67
     112.703     0.999992       219838    131072.00
     112.703     0.999993       219838    145635.56
     112.703     0.999994       219838    163840.00
     112.703     0.999995       219838    187245.71
     112.703     0.999995       219838    218453.33
     122.239     0.999996       219839    262144.00
     122.239     1.000000       219839          inf
#[Mean    =        5.305, StdDeviation   =        9.377]
#[Max     =      122.176, Total count    =       219839]
#[Buckets =           27, SubBuckets     =         2048]
----------------------------------------------------------
  239952 requests in 2.00m, 16.62MB read
Requests/sec:   1999.59
Transfer/sec:    141.86KB
