$ wrk2 -t 4 -c 64 -L -d5m -s wrk_scripts/put.lua http://localhost:8080 -R 80000
Running 5m test @ http://localhost:8080
  4 threads and 64 connections
  Thread calibration: mean lat.: 15.692ms, rate sampling interval: 80ms
  Thread calibration: mean lat.: 14.399ms, rate sampling interval: 74ms
  Thread calibration: mean lat.: 15.279ms, rate sampling interval: 79ms
  Thread calibration: mean lat.: 14.589ms, rate sampling interval: 76ms
  Thread Stats   Avg      Stdev     Max   +/- Stdev
    Latency    12.40ms   14.72ms 178.69ms   82.34%
    Req/Sec    20.13k     5.31k   36.37k    64.09%
  Latency Distribution (HdrHistogram - Recorded Latency)
 50.000%    4.56ms
 75.000%   20.86ms
 90.000%   35.33ms
 99.000%   55.84ms
 99.900%   72.96ms
 99.990%   99.20ms
 99.999%  154.62ms
100.000%  178.82ms

  Detailed Percentile spectrum:
       Value   Percentile   TotalCount 1/(1-Percentile)

       0.020     0.000000            1         1.00
       0.673     0.100000      2322706         1.11
       1.076     0.200000      4638996         1.25
       1.481     0.300000      6960925         1.43
       2.079     0.400000      9280198         1.67
       4.563     0.500000     11597210         2.00
       7.275     0.550000     12756692         2.22
      10.287     0.600000     13917289         2.50
      13.543     0.650000     15076291         2.86
      17.071     0.700000     16235941         3.33
      20.863     0.750000     17396633         4.00
      22.879     0.775000     17975323         4.44
      25.023     0.800000     18555000         5.00
      27.295     0.825000     19134651         5.71
      29.727     0.850000     19713763         6.67
      32.383     0.875000     20293904         8.00
      33.823     0.887500     20585670         8.89
      35.327     0.900000     20872164        10.00
      36.991     0.912500     21166353        11.43
      38.751     0.925000     21452542        13.33
      40.767     0.937500     21745754        16.00
      41.855     0.943750     21890267        17.78
      43.007     0.950000     22032158        20.00
      44.319     0.956250     22179690        22.86
      45.727     0.962500     22323564        26.67
      47.295     0.968750     22467191        32.00
      48.191     0.971875     22541169        35.56
      49.119     0.975000     22611527        40.00
      50.175     0.978125     22684446        45.71
      51.359     0.981250     22757360        53.33
      52.703     0.984375     22829747        64.00
      53.471     0.985938     22866353        71.11
      54.303     0.987500     22902124        80.00
      55.231     0.989062     22937936        91.43
      56.287     0.990625     22974125       106.67
      57.503     0.992188     23010274       128.00
      58.207     0.992969     23028339       142.22
      59.007     0.993750     23046517       160.00
      59.903     0.994531     23064449       182.86
      60.959     0.995313     23082428       213.33
      62.207     0.996094     23100485       256.00
      62.943     0.996484     23109668       284.44
      63.775     0.996875     23118760       320.00
      64.735     0.997266     23127694       365.71
      65.919     0.997656     23136775       426.67
      67.391     0.998047     23145845       512.00
      68.223     0.998242     23150351       568.89
      69.183     0.998437     23154983       640.00
      70.207     0.998633     23159356       731.43
      71.551     0.998828     23163981       853.33
      73.151     0.999023     23168479      1024.00
      74.175     0.999121     23170668      1137.78
      75.455     0.999219     23172955      1280.00
      76.927     0.999316     23175206      1462.86
      78.591     0.999414     23177439      1706.67
      80.767     0.999512     23179743      2048.00
      81.983     0.999561     23180850      2275.56
      83.391     0.999609     23181994      2560.00
      84.991     0.999658     23183130      2925.71
      86.911     0.999707     23184271      3413.33
      89.151     0.999756     23185376      4096.00
      90.495     0.999780     23185936      4551.11
      91.967     0.999805     23186521      5120.00
      93.439     0.999829     23187079      5851.43
      95.103     0.999854     23187639      6826.67
      97.023     0.999878     23188203      8192.00
      98.175     0.999890     23188490      9102.22
      99.455     0.999902     23188765     10240.00
     101.247     0.999915     23189046     11702.86
     103.743     0.999927     23189328     13653.33
     107.007     0.999939     23189615     16384.00
     108.927     0.999945     23189753     18204.44
     110.975     0.999951     23189894     20480.00
     113.471     0.999957     23190036     23405.71
     117.375     0.999963     23190177     27306.67
     122.751     0.999969     23190322     32768.00
     126.719     0.999973     23190391     36408.89
     131.071     0.999976     23190460     40960.00
     136.575     0.999979     23190533     46811.43
     141.439     0.999982     23190604     54613.33
     146.175     0.999985     23190675     65536.00
     148.607     0.999986     23190708     72817.78
     151.295     0.999988     23190744     81920.00
     153.727     0.999989     23190779     93622.86
     155.775     0.999991     23190817    109226.67
     157.439     0.999992     23190850    131072.00
     158.463     0.999993     23190867    145635.56
     159.999     0.999994     23190886    163840.00
     160.767     0.999995     23190903    187245.71
     161.663     0.999995     23190922    218453.33
     162.943     0.999996     23190938    262144.00
     163.839     0.999997     23190947    291271.11
     164.863     0.999997     23190956    327680.00
     165.631     0.999997     23190965    374491.43
     166.143     0.999998     23190975    436906.67
     166.783     0.999998     23190982    524288.00
     167.039     0.999998     23190987    582542.22
     167.679     0.999998     23190991    655360.00
     169.087     0.999999     23190996    748982.86
     170.495     0.999999     23191000    873813.33
     171.903     0.999999     23191004   1048576.00
     172.799     0.999999     23191007   1165084.44
     173.311     0.999999     23191009   1310720.00
     174.079     0.999999     23191011   1497965.71
     174.463     0.999999     23191013   1747626.67
     174.847     1.000000     23191015   2097152.00
     175.487     1.000000     23191017   2330168.89
     175.615     1.000000     23191018   2621440.00
     175.871     1.000000     23191019   2995931.43
     176.127     1.000000     23191020   3495253.33
     176.383     1.000000     23191021   4194304.00
     176.639     1.000000     23191022   4660337.78
     176.639     1.000000     23191022   5242880.00
     176.767     1.000000     23191023   5991862.86
     176.767     1.000000     23191023   6990506.67
     177.407     1.000000     23191024   8388608.00
     177.407     1.000000     23191024   9320675.55
     177.407     1.000000     23191024  10485760.00
     178.047     1.000000     23191025  11983725.71
     178.047     1.000000     23191025  13981013.34
     178.047     1.000000     23191025  16777216.00
     178.047     1.000000     23191025  18641351.10
     178.047     1.000000     23191025  20971519.98
     178.815     1.000000     23191026  23967451.45
     178.815     1.000000     23191026          inf
#[Mean    =       12.396, StdDeviation   =       14.724]
#[Max     =      178.688, Total count    =     23191026]
#[Buckets =           27, SubBuckets     =         2048]
----------------------------------------------------------
  23994337 requests in 5.00m, 1.50GB read
Requests/sec:  79981.72
Transfer/sec:      5.11MB
