PUT
../../IdeaProjects/wrk2/wrk2/wrk -t5 -c20 -d 2m -R 10000 -s ../../IdeaProjects/wrk2/wrk2/putS.lua --latency http://localhost:8080
Running 2m test @ http://localhost:8080
  5 threads and 20 connections
  Thread calibration: mean lat.: 0.700ms, rate sampling interval: 10ms
  Thread calibration: mean lat.: 0.672ms, rate sampling interval: 10ms
  Thread calibration: mean lat.: 0.711ms, rate sampling interval: 10ms
  Thread calibration: mean lat.: 0.697ms, rate sampling interval: 10ms
  Thread calibration: mean lat.: 0.709ms, rate sampling interval: 10ms
  Thread Stats   Avg      Stdev     Max   +/- Stdev
    Latency   689.00us  351.63us  13.66ms   62.09%
    Req/Sec     2.03k    78.90     4.30k    91.36%
  Latency Distribution (HdrHistogram - Recorded Latency)
 50.000%  684.00us
 75.000%    0.97ms
 90.000%    1.14ms
 99.000%    1.26ms
 99.900%    1.38ms
 99.990%    7.23ms
 99.999%   11.69ms
100.000%   13.66ms

  Detailed Percentile spectrum:
       Value   Percentile   TotalCount 1/(1-Percentile)

       0.025     0.000000            1         1.00
       0.230     0.100000       110014         1.11
       0.346     0.200000       220788         1.25
       0.470     0.300000       330660         1.43
       0.579     0.400000       440907         1.67
       0.684     0.500000       550923         2.00
       0.736     0.550000       604911         2.22
       0.792     0.600000       660544         2.50
       0.850     0.650000       715466         2.86
       0.910     0.700000       770478         3.33
       0.968     0.750000       824913         4.00
       0.997     0.775000       852475         4.44
       1.026     0.800000       880827         5.00
       1.054     0.825000       908070         5.71
       1.083     0.850000       935458         6.67
       1.112     0.875000       962744         8.00
       1.126     0.887500       976308         8.89
       1.141     0.900000       990424        10.00
       1.156     0.912500      1004413        11.43
       1.170     0.925000      1017559        13.33
       1.185     0.937500      1031640        16.00
       1.192     0.943750      1038084        17.78
       1.200     0.950000      1045597        20.00
       1.207     0.956250      1052093        22.86
       1.215     0.962500      1059227        26.67
       1.223     0.968750      1066022        32.00
       1.227     0.971875      1069372        35.56
       1.231     0.975000      1072467        40.00
       1.236     0.978125      1076249        45.71
       1.241     0.981250      1079805        53.33
       1.246     0.984375      1082903        64.00
       1.249     0.985938      1084641        71.11
       1.252     0.987500      1086137        80.00
       1.256     0.989062      1088064        91.43
       1.260     0.990625      1089655       106.67
       1.265     0.992188      1091362       128.00
       1.268     0.992969      1092278       142.22
       1.271     0.993750      1093069       160.00
       1.275     0.994531      1093987       182.86
       1.279     0.995313      1094704       213.33
       1.284     0.996094      1095519       256.00
       1.287     0.996484      1095939       284.44
       1.291     0.996875      1096380       320.00
       1.296     0.997266      1096864       365.71
       1.301     0.997656      1097262       426.67
       1.308     0.998047      1097687       512.00
       1.313     0.998242      1097897       568.89
       1.319     0.998437      1098103       640.00
       1.329     0.998633      1098316       731.43
       1.345     0.998828      1098512       853.33
       1.389     0.999023      1098727      1024.00
       1.453     0.999121      1098834      1137.78
       1.624     0.999219      1098941      1280.00
       1.941     0.999316      1099049      1462.86
       2.537     0.999414      1099156      1706.67
       3.263     0.999512      1099263      2048.00
       3.601     0.999561      1099317      2275.56
       4.081     0.999609      1099371      2560.00
       4.531     0.999658      1099427      2925.71
       5.059     0.999707      1099478      3413.33
       5.447     0.999756      1099532      4096.00
       5.703     0.999780      1099559      4551.11
       6.011     0.999805      1099586      5120.00
       6.275     0.999829      1099613      5851.43
       6.499     0.999854      1099641      6826.67
       6.855     0.999878      1099666      8192.00
       7.083     0.999890      1099681      9102.22
       7.259     0.999902      1099693     10240.00
       7.419     0.999915      1099707     11702.86
       7.847     0.999927      1099721     13653.33
       8.111     0.999939      1099733     16384.00
       8.447     0.999945      1099740     18204.44
       8.839     0.999951      1099747     20480.00
       9.071     0.999957      1099754     23405.71
       9.247     0.999963      1099760     27306.67
       9.791     0.999969      1099767     32768.00
       9.959     0.999973      1099770     36408.89
      10.535     0.999976      1099774     40960.00
      10.767     0.999979      1099777     46811.43
      10.927     0.999982      1099780     54613.33
      11.439     0.999985      1099784     65536.00
      11.511     0.999986      1099785     72817.78
      11.591     0.999988      1099787     81920.00
      11.687     0.999989      1099789     93622.86
      11.719     0.999991      1099790    109226.67
      12.103     0.999992      1099792    131072.00
      12.175     0.999993      1099793    145635.56
      12.367     0.999994      1099794    163840.00
      12.383     0.999995      1099795    187245.71
      12.383     0.999995      1099795    218453.33
      12.479     0.999996      1099796    262144.00
      12.583     0.999997      1099797    291271.11
      12.583     0.999997      1099797    327680.00
      12.623     0.999997      1099798    374491.43
      12.623     0.999998      1099798    436906.67
      12.623     0.999998      1099798    524288.00
      12.671     0.999998      1099799    582542.22
      12.671     0.999998      1099799    655360.00
      12.671     0.999999      1099799    748982.86
      12.671     0.999999      1099799    873813.33
      12.671     0.999999      1099799   1048576.00
      13.663     0.999999      1099800   1165084.44
      13.663     1.000000      1099800          inf
#[Mean    =        0.689, StdDeviation   =        0.352]
#[Max     =       13.656, Total count    =      1099800]
#[Buckets =           27, SubBuckets     =         2048]
----------------------------------------------------------
  1199928 requests in 2.00m, 76.67MB read
Requests/sec:   9999.38
Transfer/sec:    654.26KB

GET
../../IdeaProjects/wrk2/wrk2/wrk -t5 -c20 -d 2m -R 10000 -s ../../IdeaProjects/wrk2/wrk2/getS.lua --latency http://localhost:8080
Running 2m test @ http://localhost:8080
  5 threads and 20 connections
  Thread calibration: mean lat.: 0.699ms, rate sampling interval: 10ms
  Thread calibration: mean lat.: 0.723ms, rate sampling interval: 10ms
  Thread calibration: mean lat.: 0.716ms, rate sampling interval: 10ms
  Thread calibration: mean lat.: 0.717ms, rate sampling interval: 10ms
  Thread calibration: mean lat.: 0.708ms, rate sampling interval: 10ms
  Thread Stats   Avg      Stdev     Max   +/- Stdev
    Latency   684.32us  334.44us  11.50ms   58.49%
    Req/Sec     2.03k    71.60     3.11k    89.69%
  Latency Distribution (HdrHistogram - Recorded Latency)
 50.000%  678.00us
 75.000%    0.96ms
 90.000%    1.14ms
 99.000%    1.24ms
 99.900%    1.33ms
 99.990%    4.43ms
 99.999%    5.93ms
100.000%   11.51ms

  Detailed Percentile spectrum:
       Value   Percentile   TotalCount 1/(1-Percentile)

       0.035     0.000000            1         1.00
       0.225     0.100000       110255         1.11
       0.339     0.200000       220718         1.25
       0.468     0.300000       330801         1.43
       0.578     0.400000       440442         1.67
       0.678     0.500000       550340         2.00
       0.733     0.550000       605486         2.22
       0.790     0.600000       660734         2.50
       0.847     0.650000       715724         2.86
       0.906     0.700000       770071         3.33
       0.965     0.750000       825559         4.00
       0.997     0.775000       852635         4.44
       1.029     0.800000       880457         5.00
       1.056     0.825000       907884         5.71
       1.082     0.850000       935239         6.67
       1.109     0.875000       962565         8.00
       1.123     0.887500       976867         8.89
       1.136     0.900000       990430        10.00
       1.149     0.912500      1003948        11.43
       1.162     0.925000      1017524        13.33
       1.175     0.937500      1031269        16.00
       1.182     0.943750      1038740        17.78
       1.188     0.950000      1044859        20.00
       1.195     0.956250      1051717        22.86
       1.202     0.962500      1058571        26.67
       1.210     0.968750      1066029        32.00
       1.214     0.971875      1069619        35.56
       1.218     0.975000      1073032        40.00
       1.222     0.978125      1076172        45.71
       1.227     0.981250      1079848        53.33
       1.232     0.984375      1082937        64.00
       1.235     0.985938      1084724        71.11
       1.238     0.987500      1086316        80.00
       1.241     0.989062      1087780        91.43
       1.246     0.990625      1089691       106.67
       1.251     0.992188      1091299       128.00
       1.254     0.992969      1092188       142.22
       1.257     0.993750      1093022       160.00
       1.261     0.994531      1093970       182.86
       1.265     0.995313      1094797       213.33
       1.269     0.996094      1095543       256.00
       1.272     0.996484      1095994       284.44
       1.275     0.996875      1096402       320.00
       1.279     0.997266      1096823       365.71
       1.284     0.997656      1097266       426.67
       1.290     0.998047      1097671       512.00
       1.294     0.998242      1097897       568.89
       1.299     0.998437      1098120       640.00
       1.305     0.998633      1098309       731.43
       1.315     0.998828      1098519       853.33
       1.333     0.999023      1098731      1024.00
       1.354     0.999121      1098836      1137.78
       1.400     0.999219      1098944      1280.00
       1.502     0.999316      1099051      1462.86
       1.699     0.999414      1099158      1706.67
       2.063     0.999512      1099265      2048.00
       2.295     0.999561      1099319      2275.56
       2.527     0.999609      1099373      2560.00
       2.769     0.999658      1099427      2925.71
       3.091     0.999707      1099480      3413.33
       3.383     0.999756      1099534      4096.00
       3.559     0.999780      1099561      4551.11
       3.719     0.999805      1099588      5120.00
       3.943     0.999829      1099616      5851.43
       4.115     0.999854      1099641      6826.67
       4.287     0.999878      1099669      8192.00
       4.367     0.999890      1099684      9102.22
       4.463     0.999902      1099696     10240.00
       4.543     0.999915      1099709     11702.86
       4.687     0.999927      1099722     13653.33
       4.855     0.999939      1099738     16384.00
       4.931     0.999945      1099742     18204.44
       5.063     0.999951      1099749     20480.00
       5.155     0.999957      1099756     23405.71
       5.195     0.999963      1099762     27306.67
       5.303     0.999969      1099769     32768.00
       5.391     0.999973      1099772     36408.89
       5.471     0.999976      1099776     40960.00
       5.511     0.999979      1099779     46811.43
       5.555     0.999982      1099782     54613.33
       5.707     0.999985      1099786     65536.00
       5.759     0.999986      1099787     72817.78
       5.863     0.999988      1099789     81920.00
       5.935     0.999989      1099791     93622.86
       5.947     0.999991      1099792    109226.67
       6.163     0.999992      1099794    131072.00
       6.167     0.999993      1099795    145635.56
       6.295     0.999994      1099796    163840.00
       6.691     0.999995      1099797    187245.71
       6.691     0.999995      1099797    218453.33
       7.647     0.999996      1099798    262144.00
       8.663     0.999997      1099799    291271.11
       8.663     0.999997      1099799    327680.00
       9.607     0.999997      1099800    374491.43
       9.607     0.999998      1099800    436906.67
       9.607     0.999998      1099800    524288.00
      10.631     0.999998      1099801    582542.22
      10.631     0.999998      1099801    655360.00
      10.631     0.999999      1099801    748982.86
      10.631     0.999999      1099801    873813.33
      10.631     0.999999      1099801   1048576.00
      11.511     0.999999      1099802   1165084.44
      11.511     1.000000      1099802          inf
#[Mean    =        0.684, StdDeviation   =        0.334]
#[Max     =       11.504, Total count    =      1099802]
#[Buckets =           27, SubBuckets     =         2048]
----------------------------------------------------------
  1199929 requests in 2.00m, 84.10MB read
Requests/sec:   9999.38
Transfer/sec:    717.68KB

