****************
*
* PUT
*
****************
andrey@andrey:~/Рабочий стол/wrk2-master$ ./wrk -t4 -c64 -d40s -R8000 -s put.lua --latency http://127.0.0.1:8080
Running 40s test @ http://127.0.0.1:8080
  4 threads and 64 connections
  Thread calibration: mean lat.: 2911.494ms, rate sampling interval: 9388ms
  Thread calibration: mean lat.: 2815.296ms, rate sampling interval: 9060ms
  Thread calibration: mean lat.: 2514.054ms, rate sampling interval: 8245ms
  Thread calibration: mean lat.: 2795.504ms, rate sampling interval: 9035ms
  Thread Stats   Avg      Stdev     Max   +/- Stdev
    Latency    13.13s     4.68s   29.57s    58.43%
    Req/Sec     0.94k    43.09     1.03k    75.00%
  Latency Distribution (HdrHistogram - Recorded Latency)
 50.000%   13.34s 
 75.000%   16.97s 
 90.000%   19.15s 
 99.000%   23.48s 
 99.900%   27.97s 
 99.990%   29.38s 
 99.999%   29.57s 
100.000%   29.59s 

  Detailed Percentile spectrum:
       Value   Percentile   TotalCount 1/(1-Percentile)

    4456.447     0.000000            7         1.00
    6619.135     0.100000        11327         1.11
    8187.903     0.200000        22656         1.25
    9871.359     0.300000        33954         1.43
   12025.855     0.400000        45279         1.67
   13336.575     0.500000        56598         2.00
   14073.855     0.550000        62249         2.22
   14835.711     0.600000        67949         2.50
   15540.223     0.650000        73608         2.86
   16211.967     0.700000        79223         3.33
   16973.823     0.750000        84998         4.00
   17383.423     0.775000        87836         4.44
   17711.103     0.800000        90549         5.00
   18071.551     0.825000        93408         5.71
   18382.847     0.850000        96212         6.67
   18743.295     0.875000        99087         8.00
   18923.519     0.887500       100536         8.89
   19152.895     0.900000       101910        10.00
   19349.503     0.912500       103289        11.43
   19562.495     0.925000       104742        13.33
   19759.103     0.937500       106246        16.00
   19841.023     0.943750       106932        17.78
   19922.943     0.950000       107546        20.00
   20037.631     0.956250       108325        22.86
   20135.935     0.962500       109032        26.67
   20234.239     0.968750       109724        32.00
   20283.391     0.971875       110103        35.56
   20332.543     0.975000       110444        40.00
   20529.151     0.978125       110705        45.71
   21266.431     0.981250       111061        53.33
   21938.175     0.984375       111418        64.00
   22282.239     0.985938       111588        71.11
   22773.759     0.987500       111763        80.00
   23232.511     0.989062       111939        91.43
   23642.111     0.990625       112117       106.67
   24051.711     0.992188       112297       128.00
   24264.703     0.992969       112381       142.22
   24543.231     0.993750       112468       160.00
   24887.295     0.994531       112561       182.86
   25149.439     0.995313       112648       213.33
   25362.431     0.996094       112734       256.00
   25477.119     0.996484       112780       284.44
   25591.807     0.996875       112825       320.00
   25772.031     0.997266       112869       365.71
   26165.247     0.997656       112910       426.67
   26640.383     0.998047       112955       512.00
   26886.143     0.998242       112978       568.89
   27164.671     0.998437       112999       640.00
   27426.815     0.998633       113021       731.43
   27738.111     0.998828       113043       853.33
   28000.255     0.999023       113065      1024.00
   28147.711     0.999121       113077      1137.78
   28262.399     0.999219       113088      1280.00
   28409.855     0.999316       113098      1462.86
   28540.927     0.999414       113110      1706.67
   28655.615     0.999512       113121      2048.00
   28704.767     0.999561       113126      2275.56
   28753.919     0.999609       113131      2560.00
   28819.455     0.999658       113137      2925.71
   28901.375     0.999707       113142      3413.33
   29032.447     0.999756       113148      4096.00
   29097.983     0.999780       113151      4551.11
   29147.135     0.999805       113153      5120.00
   29196.287     0.999829       113156      5851.43
   29261.823     0.999854       113159      6826.67
   29327.359     0.999878       113162      8192.00
   29343.743     0.999890       113163      9102.22
   29376.511     0.999902       113164     10240.00
   29409.279     0.999915       113166     11702.86
   29425.663     0.999927       113167     13653.33
   29474.815     0.999939       113169     16384.00
   29474.815     0.999945       113169     18204.44
   29491.199     0.999951       113170     20480.00
   29507.583     0.999957       113171     23405.71
   29507.583     0.999963       113171     27306.67
   29523.967     0.999969       113172     32768.00
   29523.967     0.999973       113172     36408.89
   29556.735     0.999976       113173     40960.00
   29556.735     0.999979       113173     46811.43
   29556.735     0.999982       113173     54613.33
   29573.119     0.999985       113174     65536.00
   29573.119     0.999986       113174     72817.78
   29573.119     0.999988       113174     81920.00
   29573.119     0.999989       113174     93622.86
   29573.119     0.999991       113174    109226.67
   29589.503     0.999992       113175    131072.00
   29589.503     1.000000       113175          inf
#[Mean    =    13133.730, StdDeviation   =     4683.246]
#[Max     =    29573.120, Total count    =       113175]
#[Buckets =           27, SubBuckets     =         2048]
----------------------------------------------------------
  151480 requests in 40.00s, 11.99MB read
Requests/sec:   3786.74
Transfer/sec:    306.93KB
andrey@andrey:~/Рабочий стол/wrk2-master$ ./wrk -t4 -c64 -d40s -R1000 -s put.lua --latency http://127.0.0.1:8080
Running 40s test @ http://127.0.0.1:8080
  4 threads and 64 connections
  Thread calibration: mean lat.: 2.177ms, rate sampling interval: 10ms
  Thread calibration: mean lat.: 2.120ms, rate sampling interval: 10ms
  Thread calibration: mean lat.: 2.050ms, rate sampling interval: 10ms
  Thread calibration: mean lat.: 2.021ms, rate sampling interval: 10ms
  Thread Stats   Avg      Stdev     Max   +/- Stdev
    Latency     2.08ms    0.97ms  26.02ms   81.55%
    Req/Sec   264.49    104.06   800.00     76.02%
  Latency Distribution (HdrHistogram - Recorded Latency)
 50.000%    1.95ms
 75.000%    2.48ms
 90.000%    3.07ms
 99.000%    5.00ms
 99.900%   11.75ms
 99.990%   21.74ms
 99.999%   26.03ms
100.000%   26.03ms

  Detailed Percentile spectrum:
       Value   Percentile   TotalCount 1/(1-Percentile)

       0.303     0.000000            1         1.00
       1.161     0.100000         2997         1.11
       1.414     0.200000         5986         1.25
       1.605     0.300000         8976         1.43
       1.772     0.400000        11984         1.67
       1.945     0.500000        14966         2.00
       2.040     0.550000        16470         2.22
       2.139     0.600000        17981         2.50
       2.241     0.650000        19447         2.86
       2.351     0.700000        20944         3.33
       2.477     0.750000        22439         4.00
       2.551     0.775000        23186         4.44
       2.631     0.800000        23947         5.00
       2.713     0.825000        24690         5.71
       2.817     0.850000        25433         6.67
       2.927     0.875000        26181         8.00
       2.993     0.887500        26557         8.89
       3.067     0.900000        26935        10.00
       3.155     0.912500        27298        11.43
       3.247     0.925000        27671        13.33
       3.367     0.937500        28046        16.00
       3.439     0.943750        28233        17.78
       3.521     0.950000        28424        20.00
       3.605     0.956250        28612        22.86
       3.697     0.962500        28798        26.67
       3.807     0.968750        28981        32.00
       3.883     0.971875        29074        35.56
       3.997     0.975000        29167        40.00
       4.107     0.978125        29264        45.71
       4.247     0.981250        29356        53.33
       4.447     0.984375        29447        64.00
       4.599     0.985938        29497        71.11
       4.731     0.987500        29541        80.00
       4.891     0.989062        29588        91.43
       5.103     0.990625        29634       106.67
       5.323     0.992188        29682       128.00
       5.459     0.992969        29704       142.22
       5.679     0.993750        29729       160.00
       5.903     0.994531        29751       182.86
       6.219     0.995313        29775       213.33
       6.607     0.996094        29798       256.00
       6.807     0.996484        29809       284.44
       7.011     0.996875        29821       320.00
       7.379     0.997266        29833       365.71
       7.815     0.997656        29844       426.67
       8.335     0.998047        29856       512.00
       8.623     0.998242        29863       568.89
       9.007     0.998437        29868       640.00
       9.471     0.998633        29874       731.43
      10.343     0.998828        29879       853.33
      11.799     0.999023        29885      1024.00
      12.295     0.999121        29888      1137.78
      12.791     0.999219        29891      1280.00
      13.415     0.999316        29894      1462.86
      14.095     0.999414        29897      1706.67
      15.911     0.999512        29900      2048.00
      16.127     0.999561        29901      2275.56
      17.183     0.999609        29903      2560.00
      18.303     0.999658        29904      2925.71
      18.799     0.999707        29906      3413.33
      18.975     0.999756        29907      4096.00
      19.423     0.999780        29908      4551.11
      19.919     0.999805        29909      5120.00
      19.919     0.999829        29909      5851.43
      20.383     0.999854        29910      6826.67
      21.743     0.999878        29911      8192.00
      21.743     0.999890        29911      9102.22
      23.199     0.999902        29912     10240.00
      23.199     0.999915        29912     11702.86
      23.199     0.999927        29912     13653.33
      24.639     0.999939        29913     16384.00
      24.639     0.999945        29913     18204.44
      24.639     0.999951        29913     20480.00
      24.639     0.999957        29913     23405.71
      24.639     0.999963        29913     27306.67
      26.031     0.999969        29914     32768.00
      26.031     1.000000        29914          inf
#[Mean    =        2.085, StdDeviation   =        0.973]
#[Max     =       26.016, Total count    =        29914]
#[Buckets =           27, SubBuckets     =         2048]
----------------------------------------------------------
  39992 requests in 40.00s, 3.17MB read
Requests/sec:    999.74
Transfer/sec:     81.03KB
*******************
*
*GET
*
********************
andrey@andrey:~/Рабочий стол/wrk2-master$ ./wrk -t4 -c64 -d40s -R1000 -s get.lua --latency http://127.0.0.1:8080
Running 40s test @ http://127.0.0.1:8080
  4 threads and 64 connections
  Thread calibration: mean lat.: 4.166ms, rate sampling interval: 14ms
  Thread calibration: mean lat.: 4.270ms, rate sampling interval: 15ms
  Thread calibration: mean lat.: 4.366ms, rate sampling interval: 15ms
  Thread calibration: mean lat.: 4.562ms, rate sampling interval: 16ms
  Thread Stats   Avg      Stdev     Max   +/- Stdev
    Latency     4.12ms    2.81ms  35.87ms   87.68%
    Req/Sec   258.71     74.30   538.00     77.84%
  Latency Distribution (HdrHistogram - Recorded Latency)
 50.000%    3.31ms
 75.000%    4.83ms
 90.000%    7.14ms
 99.000%   15.19ms
 99.900%   27.84ms
 99.990%   35.01ms
 99.999%   35.90ms
100.000%   35.90ms

  Detailed Percentile spectrum:
       Value   Percentile   TotalCount 1/(1-Percentile)

       0.572     0.000000            1         1.00
       1.912     0.100000         2994         1.11
       2.301     0.200000         5991         1.25
       2.627     0.300000         8977         1.43
       2.951     0.400000        11966         1.67
       3.313     0.500000        14957         2.00
       3.529     0.550000        16459         2.22
       3.771     0.600000        17953         2.50
       4.065     0.650000        19448         2.86
       4.399     0.700000        20946         3.33
       4.827     0.750000        22439         4.00
       5.071     0.775000        23191         4.44
       5.363     0.800000        23939         5.00
       5.683     0.825000        24681         5.71
       6.075     0.850000        25431         6.67
       6.535     0.875000        26176         8.00
       6.815     0.887500        26548         8.89
       7.143     0.900000        26925        10.00
       7.523     0.912500        27299        11.43
       7.955     0.925000        27670        13.33
       8.439     0.937500        28044        16.00
       8.743     0.943750        28231        17.78
       9.103     0.950000        28424        20.00
       9.503     0.956250        28605        22.86
      10.023     0.962500        28792        26.67
      10.599     0.968750        28981        32.00
      10.959     0.971875        29074        35.56
      11.335     0.975000        29167        40.00
      11.847     0.978125        29260        45.71
      12.487     0.981250        29353        53.33
      13.239     0.984375        29446        64.00
      13.591     0.985938        29494        71.11
      14.143     0.987500        29540        80.00
      14.903     0.989062        29586        91.43
      15.471     0.990625        29635       106.67
      16.247     0.992188        29680       128.00
      16.687     0.992969        29703       142.22
      17.279     0.993750        29727       160.00
      17.823     0.994531        29750       182.86
      18.607     0.995313        29773       213.33
      19.791     0.996094        29797       256.00
      20.751     0.996484        29808       284.44
      21.935     0.996875        29821       320.00
      23.407     0.997266        29832       365.71
      24.383     0.997656        29843       426.67
      25.407     0.998047        29855       512.00
      25.823     0.998242        29861       568.89
      26.383     0.998437        29867       640.00
      26.783     0.998633        29873       731.43
      27.599     0.998828        29878       853.33
      27.951     0.999023        29884      1024.00
      28.511     0.999121        29887      1137.78
      28.911     0.999219        29890      1280.00
      30.511     0.999316        29893      1462.86
      31.039     0.999414        29897      1706.67
      31.919     0.999512        29899      2048.00
      32.303     0.999561        29900      2275.56
      32.799     0.999609        29902      2560.00
      32.927     0.999658        29903      2925.71
      33.055     0.999707        29905      3413.33
      33.759     0.999756        29906      4096.00
      33.791     0.999780        29907      4551.11
      34.303     0.999805        29908      5120.00
      34.303     0.999829        29908      5851.43
      35.007     0.999854        29910      6826.67
      35.007     0.999878        29910      8192.00
      35.007     0.999890        29910      9102.22
      35.103     0.999902        29911     10240.00
      35.103     0.999915        29911     11702.86
      35.103     0.999927        29911     13653.33
      35.551     0.999939        29912     16384.00
      35.551     0.999945        29912     18204.44
      35.551     0.999951        29912     20480.00
      35.551     0.999957        29912     23405.71
      35.551     0.999963        29912     27306.67
      35.903     0.999969        29913     32768.00
      35.903     1.000000        29913          inf
#[Mean    =        4.115, StdDeviation   =        2.813]
#[Max     =       35.872, Total count    =        29913]
#[Buckets =           27, SubBuckets     =         2048]
----------------------------------------------------------
  39989 requests in 40.00s, 3.12MB read
Requests/sec:    999.68
Transfer/sec:     79.94KB

