Running 10s test @ http://127.0.0.1:8080/v0/status
  2 threads and 100 connections
  Thread Stats   Avg      Stdev     Max   +/- Stdev
    Latency     1.38ms  630.76us   4.26ms   67.23%
    Req/Sec       -nan      -nan   0.00      0.00%
  Latency Distribution (HdrHistogram - Recorded Latency)
 50.000%    1.38ms
 75.000%    1.73ms
 90.000%    2.20ms
 99.000%    3.10ms
 99.900%    3.66ms
 99.990%    4.14ms
 99.999%    4.27ms
100.000%    4.27ms

  Detailed Percentile spectrum:
       Value   Percentile   TotalCount 1/(1-Percentile)

       0.139     0.000000            1         1.00
       0.567     0.100000         1894         1.11
       0.782     0.200000         3787         1.25
       1.011     0.300000         5670         1.43
       1.216     0.400000         7567         1.67
       1.376     0.500000         9456         2.00
       1.453     0.550000        10395         2.22
       1.526     0.600000        11342         2.50
       1.591     0.650000        12287         2.86
       1.655     0.700000        13236         3.33
       1.733     0.750000        14184         4.00
       1.775     0.775000        14652         4.44
       1.830     0.800000        15125         5.00
       1.891     0.825000        15597         5.71
       1.977     0.850000        16068         6.67
       2.083     0.875000        16541         8.00
       2.139     0.887500        16774         8.89
       2.201     0.900000        17010        10.00
       2.275     0.912500        17247        11.43
       2.357     0.925000        17490        13.33
       2.457     0.937500        17721        16.00
       2.509     0.943750        17838        17.78
       2.567     0.950000        17958        20.00
       2.621     0.956250        18075        22.86
       2.679     0.962500        18194        26.67
       2.753     0.968750        18310        32.00
       2.787     0.971875        18370        35.56
       2.825     0.975000        18428        40.00
       2.861     0.978125        18487        45.71
       2.919     0.981250        18548        53.33
       2.979     0.984375        18610        64.00
       3.021     0.985938        18639        71.11
       3.049     0.987500        18664        80.00
       3.083     0.989062        18696        91.43
       3.115     0.990625        18725       106.67
       3.153     0.992188        18753       128.00
       3.183     0.992969        18770       142.22
       3.205     0.993750        18782       160.00
       3.235     0.994531        18797       182.86
       3.265     0.995313        18812       213.33
       3.289     0.996094        18828       256.00
       3.301     0.996484        18834       284.44
       3.319     0.996875        18841       320.00
       3.345     0.997266        18849       365.71
       3.385     0.997656        18856       426.67
       3.431     0.998047        18864       512.00
       3.445     0.998242        18867       568.89
       3.487     0.998437        18871       640.00
       3.519     0.998633        18875       731.43
       3.607     0.998828        18878       853.33
       3.703     0.999023        18882      1024.00
       3.731     0.999121        18884      1137.78
       3.749     0.999219        18887      1280.00
       3.771     0.999316        18888      1462.86
       3.777     0.999414        18889      1706.67
       3.851     0.999512        18891      2048.00
       3.865     0.999561        18892      2275.56
       3.895     0.999609        18893      2560.00
       3.937     0.999658        18894      2925.71
       4.013     0.999707        18895      3413.33
       4.063     0.999756        18896      4096.00
       4.063     0.999780        18896      4551.11
       4.111     0.999805        18897      5120.00
       4.111     0.999829        18897      5851.43
       4.143     0.999854        18898      6826.67
       4.143     0.999878        18898      8192.00
       4.143     0.999890        18898      9102.22
       4.179     0.999902        18899     10240.00
       4.179     0.999915        18899     11702.86
       4.179     0.999927        18899     13653.33
       4.179     0.999939        18899     16384.00
       4.179     0.999945        18899     18204.44
       4.267     0.999951        18900     20480.00
       4.267     1.000000        18900          inf
#[Mean    =        1.381, StdDeviation   =        0.631]
#[Max     =        4.264, Total count    =        18900]
#[Buckets =           27, SubBuckets     =         2048]
----------------------------------------------------------
  18902 requests in 10.00s, 1.89MB read
Requests/sec:   1889.90
Transfer/sec:    193.79KB
