Running 10m test @ http://127.0.0.1:8080
  1 threads and 1 connections
  Thread calibration: mean lat.: 2025.298ms, rate sampling interval: 5107ms
^C  Thread Stats   Avg      Stdev     Max   +/- Stdev
    Latency    14.62s     6.95s   25.87s    54.74%
    Req/Sec    17.28k   513.73    18.08k    66.67%
  Latency Distribution (HdrHistogram - Recorded Latency)
 50.000%   14.52s 
 75.000%   21.02s 
 90.000%   24.17s 
 99.000%   25.74s 
 99.900%   25.87s 
 99.990%   25.89s 
 99.999%   25.89s 
100.000%   25.89s 

  Detailed Percentile spectrum:
       Value   Percentile   TotalCount 1/(1-Percentile)

    2648.063     0.000000          115         1.00
    5115.903     0.100000       298694         1.11
    7352.319     0.200000       595620         1.25
    9666.559     0.300000       893279         1.43
   12435.455     0.400000      1190749         1.67
   14516.223     0.500000      1487844         2.00
   15892.479     0.550000      1637151         2.22
   17088.511     0.600000      1786346         2.50
   18153.471     0.650000      1935652         2.86
   19529.727     0.700000      2083192         3.33
   21020.671     0.750000      2231803         4.00
   21676.031     0.775000      2306796         4.44
   22102.015     0.800000      2381073         5.00
   22757.375     0.825000      2455112         5.71
   23166.975     0.850000      2529558         6.67
   23707.647     0.875000      2604067         8.00
   23986.175     0.887500      2640640         8.89
   24166.399     0.900000      2678077        10.00
   24379.391     0.912500      2715215        11.43
   24641.535     0.925000      2752666        13.33
   24854.527     0.937500      2790999        16.00
   24936.447     0.943750      2809484        17.78
   25051.135     0.950000      2828142        20.00
   25149.439     0.956250      2845460        22.86
   25280.511     0.962500      2867163        26.67
   25378.815     0.968750      2884034        32.00
   25411.583     0.971875      2891733        35.56
   25477.119     0.975000      2903313        40.00
   25526.271     0.978125      2910461        45.71
   25591.807     0.981250      2920938        53.33
   25657.343     0.984375      2931309        64.00
   25673.727     0.985938      2934015        71.11
   25706.495     0.987500      2939274        80.00
   25722.879     0.989062      2943951        91.43
   25739.263     0.990625      2948301       106.67
   25772.031     0.992188      2954965       128.00
   25772.031     0.992969      2954965       142.22
   25788.415     0.993750      2957385       160.00
   25804.799     0.994531      2961523       182.86
   25804.799     0.995313      2961523       213.33
   25821.183     0.996094      2965188       256.00
   25821.183     0.996484      2965188       284.44
   25837.567     0.996875      2967334       320.00
   25837.567     0.997266      2967334       365.71
   25853.951     0.997656      2969966       426.67
   25853.951     0.998047      2969966       512.00
   25870.335     0.998242      2972347       568.89
   25870.335     0.998437      2972347       640.00
   25870.335     0.998633      2972347       731.43
   25870.335     0.998828      2972347       853.33
   25886.719     0.999023      2975291      1024.00
   25886.719     1.000000      2975291          inf
#[Mean    =    14618.031, StdDeviation   =     6945.976]
#[Max     =    25870.336, Total count    =      2975291]
#[Buckets =           27, SubBuckets     =         2048]
----------------------------------------------------------
  3122461 requests in 3.03m, 222.27MB read
Requests/sec:  17155.90
Transfer/sec:      1.22MB
