wrk2 -t1 -c1 -d10m -R20000 -s /home/makary/Documents/technopolis/2020-highload-dht/wrk/put.lua --latency http://127.0.0.1:8080

Running 10m test @ http://127.0.0.1:8080
  1 threads and 1 connections
  Thread calibration: mean lat.: 3.318ms, rate sampling interval: 10ms
^C  Thread Stats   Avg      Stdev     Max   +/- Stdev
    Latency   453.96ms  646.65ms   2.48s    79.68%
    Req/Sec    21.15k    13.00k   48.67k    59.82%
  Latency Distribution (HdrHistogram - Recorded Latency)
 50.000%    1.20ms
 75.000%  886.27ms
 90.000%    1.58s 
 99.000%    2.05s 
 99.900%    2.40s 
 99.990%    2.47s 
 99.999%    2.48s 
100.000%    2.48s 

  Detailed Percentile spectrum:
       Value   Percentile   TotalCount 1/(1-Percentile)

       0.020     0.000000            2         1.00
       0.257     0.100000       432871         1.11
       0.481     0.200000       864436         1.25
       0.703     0.300000      1296424         1.43
       0.921     0.400000      1728755         1.67
       1.202     0.500000      2160099         2.00
       2.081     0.550000      2376077         2.22
     191.743     0.600000      2592149         2.50
     427.775     0.650000      2808267         2.86
     656.383     0.700000      3024116         3.33
     886.271     0.750000      3240129         4.00
     999.935     0.775000      3348123         4.44
    1116.159     0.800000      3456182         5.00
    1231.871     0.825000      3564400         5.71
    1348.607     0.850000      3672359         6.67
    1467.391     0.875000      3780962         8.00
    1525.759     0.887500      3834219         8.89
    1583.103     0.900000      3888158        10.00
    1641.471     0.912500      3942195        11.43
    1700.863     0.925000      3996349        13.33
    1760.255     0.937500      4050388        16.00
    1789.951     0.943750      4077348        17.78
    1819.647     0.950000      4104841        20.00
    1847.295     0.956250      4131751        22.86
    1874.943     0.962500      4158840        26.67
    1903.615     0.968750      4185391        32.00
    1918.975     0.971875      4199222        35.56
    1933.311     0.975000      4212080        40.00
    1950.719     0.978125      4225804        45.71
    1970.175     0.981250      4239488        53.33
    1990.655     0.984375      4253156        64.00
    2002.943     0.985938      4259765        71.11
    2017.279     0.987500      4266316        80.00
    2034.687     0.989062      4273195        91.43
    2055.167     0.990625      4279580       106.67
    2080.767     0.992188      4286559       128.00
    2094.079     0.992969      4289714       142.22
    2115.583     0.993750      4293420       160.00
    2134.015     0.994531      4296498       182.86
    2154.495     0.995313      4299877       213.33
    2177.023     0.996094      4303284       256.00
    2195.455     0.996484      4305039       284.44
    2213.887     0.996875      4306674       320.00
    2250.751     0.997266      4308288       365.71
    2291.711     0.997656      4309984       426.67
    2334.719     0.998047      4311695       512.00
    2355.199     0.998242      4312518       568.89
    2373.631     0.998437      4313443       640.00
    2385.919     0.998633      4314276       731.43
    2396.159     0.998828      4315209       853.33
    2402.303     0.999023      4315925      1024.00
    2410.495     0.999121      4316304      1137.78
    2420.735     0.999219      4316779      1280.00
    2428.927     0.999316      4317161      1462.86
    2439.167     0.999414      4317623      1706.67
    2447.359     0.999512      4317995      2048.00
    2451.455     0.999561      4318267      2275.56
    2453.503     0.999609      4318394      2560.00
    2457.599     0.999658      4318712      2925.71
    2459.647     0.999707      4318906      3413.33
    2461.695     0.999756      4319016      4096.00
    2463.743     0.999780      4319154      4551.11
    2465.791     0.999805      4319270      5120.00
    2467.839     0.999829      4319393      5851.43
    2469.887     0.999854      4319532      6826.67
    2471.935     0.999878      4319654      8192.00
    2471.935     0.999890      4319654      9102.22
    2471.935     0.999902      4319654     10240.00
    2473.983     0.999915      4319781     11702.86
    2473.983     0.999927      4319781     13653.33
    2476.031     0.999939      4320032     16384.00
    2476.031     0.999945      4320032     18204.44
    2476.031     0.999951      4320032     20480.00
    2476.031     0.999957      4320032     23405.71
    2476.031     0.999963      4320032     27306.67
    2476.031     0.999969      4320032     32768.00
    2476.031     0.999973      4320032     36408.89
    2476.031     0.999976      4320032     40960.00
    2476.031     0.999979      4320032     46811.43
    2476.031     0.999982      4320032     54613.33
    2476.031     0.999985      4320032     65536.00
    2476.031     0.999986      4320032     72817.78
    2476.031     0.999988      4320032     81920.00
    2476.031     0.999989      4320032     93622.86
    2476.031     0.999991      4320032    109226.67
    2478.079     0.999992      4320070    131072.00
    2478.079     1.000000      4320070          inf
#[Mean    =      453.960, StdDeviation   =      646.653]
#[Max     =     2476.032, Total count    =      4320070]
#[Buckets =           27, SubBuckets     =         2048]
----------------------------------------------------------
  4520155 requests in 3.77m, 288.82MB read
  Socket errors: connect 0, read 0, write 0, timeout 2
Requests/sec:  19999.89
Transfer/sec:      1.28MB
