STAGE 4

PUT
../../IdeaProjects/wrk2/wrk2/wrk -c64 -d 5m -R 2000 -s ../../IdeaProjects/wrk2/wrk2/putS.lua --latency http://localhost:8080

Running 5m test @ http://localhost:8080
  2 threads and 64 connections
  Thread calibration: mean lat.: 1.596ms, rate sampling interval: 10ms
  Thread calibration: mean lat.: 1.146ms, rate sampling interval: 10ms
  Thread Stats   Avg      Stdev     Max   +/- Stdev
    Latency     1.38ms  700.78us  22.02ms   72.48%
    Req/Sec     1.05k     0.88k    3.56k    66.35%
  Latency Distribution (HdrHistogram - Recorded Latency)
 50.000%    1.26ms
 75.000%    1.77ms
 90.000%    2.29ms
 99.000%    3.20ms
 99.900%    4.37ms
 99.990%   14.14ms
 99.999%   19.30ms
100.000%   22.03ms

  Detailed Percentile spectrum:
       Value   Percentile   TotalCount 1/(1-Percentile)

       0.048     0.000000            1         1.00
       0.590     0.100000        58013         1.11
       0.808     0.200000       115997         1.25
       0.977     0.300000       174127         1.43
       1.121     0.400000       232172         1.67
       1.263     0.500000       289878         2.00
       1.341     0.550000       318939         2.22
       1.427     0.600000       348095         2.50
       1.525     0.650000       376909         2.86
       1.643     0.700000       405922         3.33
       1.766     0.750000       434850         4.00
       1.825     0.775000       449450         4.44
       1.884     0.800000       463854         5.00
       1.948     0.825000       478332         5.71
       2.033     0.850000       492746         6.67
       2.151     0.875000       507364         8.00
       2.219     0.887500       514655         8.89
       2.291     0.900000       521806        10.00
       2.365     0.912500       528961        11.43
       2.449     0.925000       536323        13.33
       2.539     0.937500       543576        16.00
       2.585     0.943750       547080        17.78
       2.637     0.950000       550801        20.00
       2.693     0.956250       554396        22.86
       2.753     0.962500       557954        26.67
       2.823     0.968750       561633        32.00
       2.863     0.971875       563397        35.56
       2.905     0.975000       565206        40.00
       2.953     0.978125       567034        45.71
       3.005     0.981250       568813        53.33
       3.065     0.984375       570638        64.00
       3.099     0.985938       571543        71.11
       3.135     0.987500       572460        80.00
       3.175     0.989062       573344        91.43
       3.217     0.990625       574233       106.67
       3.267     0.992188       575143       128.00
       3.295     0.992969       575595       142.22
       3.325     0.993750       576053       160.00
       3.361     0.994531       576512       182.86
       3.403     0.995313       576957       213.33
       3.447     0.996094       577415       256.00
       3.473     0.996484       577636       284.44
       3.499     0.996875       577852       320.00
       3.537     0.997266       578084       365.71
       3.579     0.997656       578308       426.67
       3.635     0.998047       578534       512.00
       3.671     0.998242       578654       568.89
       3.725     0.998437       578759       640.00
       3.801     0.998633       578871       731.43
       3.953     0.998828       578984       853.33
       4.471     0.999023       579097      1024.00
       4.919     0.999121       579154      1137.78
       5.463     0.999219       579211      1280.00
       5.951     0.999316       579267      1462.86
       6.791     0.999414       579324      1706.67
       8.163     0.999512       579380      2048.00
       8.711     0.999561       579409      2275.56
       9.687     0.999609       579437      2560.00
      10.359     0.999658       579465      2925.71
      10.895     0.999707       579494      3413.33
      11.591     0.999756       579522      4096.00
      12.015     0.999780       579536      4551.11
      12.391     0.999805       579551      5120.00
      12.695     0.999829       579565      5851.43
      13.087     0.999854       579579      6826.67
      13.799     0.999878       579593      8192.00
      13.943     0.999890       579600      9102.22
      14.183     0.999902       579607     10240.00
      14.935     0.999915       579614     11702.86
      15.719     0.999927       579621     13653.33
      16.367     0.999939       579628     16384.00
      16.879     0.999945       579632     18204.44
      17.247     0.999951       579635     20480.00
      17.679     0.999957       579639     23405.71
      17.839     0.999963       579642     27306.67
      17.967     0.999969       579646     32768.00
      18.063     0.999973       579649     36408.89
      18.063     0.999976       579649     40960.00
      18.399     0.999979       579651     46811.43
      18.799     0.999982       579653     54613.33
      19.167     0.999985       579655     65536.00
      19.247     0.999986       579656     72817.78
      19.247     0.999988       579656     81920.00
      19.295     0.999989       579657     93622.86
      19.375     0.999991       579658    109226.67
      19.391     0.999992       579659    131072.00
      19.423     0.999993       579660    145635.56
      19.423     0.999994       579660    163840.00
      19.423     0.999995       579660    187245.71
      20.015     0.999995       579661    218453.33
      20.015     0.999996       579661    262144.00
      20.479     0.999997       579662    291271.11
      20.479     0.999997       579662    327680.00
      20.479     0.999997       579662    374491.43
      20.479     0.999998       579662    436906.67
      20.479     0.999998       579662    524288.00
      22.031     0.999998       579663    582542.22
      22.031     1.000000       579663          inf
#[Mean    =        1.376, StdDeviation   =        0.701]
#[Max     =       22.016, Total count    =       579663]
#[Buckets =           27, SubBuckets     =         2048]
----------------------------------------------------------
  598942 requests in 5.00m, 38.27MB read
Requests/sec:   1996.46
Transfer/sec:    130.63KB

GET
../../IdeaProjects/wrk2/wrk2/wrk -c64 -d 5m -R 2000 -s ../../IdeaProjects/wrk2/wrk2/getS.lua --latency http://localhost:8080

Running 5m test @ http://localhost:8080
  2 threads and 64 connections
  Thread calibration: mean lat.: 1.148ms, rate sampling interval: 10ms
  Thread calibration: mean lat.: 1.151ms, rate sampling interval: 10ms
  Thread Stats   Avg      Stdev     Max   +/- Stdev
    Latency     1.16ms  464.50us  11.54ms   63.47%
    Req/Sec     1.05k   150.13     1.80k    57.50%
  Latency Distribution (HdrHistogram - Recorded Latency)
 50.000%    1.14ms
 75.000%    1.51ms
 90.000%    1.77ms
 99.000%    2.17ms
 99.900%    2.48ms
 99.990%    5.46ms
 99.999%    7.84ms
100.000%   11.55ms

  Detailed Percentile spectrum:
       Value   Percentile   TotalCount 1/(1-Percentile)

       0.057     0.000000            1         1.00
       0.542     0.100000        58248         1.11
       0.712     0.200000       116076         1.25
       0.868     0.300000       174245         1.43
       1.006     0.400000       232300         1.67
       1.136     0.500000       290001         2.00
       1.206     0.550000       319007         2.22
       1.285     0.600000       348111         2.50
       1.365     0.650000       377103         2.86
       1.441     0.700000       405851         3.33
       1.513     0.750000       434935         4.00
       1.549     0.775000       449409         4.44
       1.587     0.800000       463922         5.00
       1.627     0.825000       478414         5.71
       1.672     0.850000       492956         6.67
       1.719     0.875000       507423         8.00
       1.744     0.887500       514677         8.89
       1.770     0.900000       521809        10.00
       1.799     0.912500       529158        11.43
       1.829     0.925000       536226        13.33
       1.864     0.937500       543541        16.00
       1.884     0.943750       547105        17.78
       1.905     0.950000       550715        20.00
       1.928     0.956250       554343        22.86
       1.955     0.962500       558025        26.67
       1.987     0.968750       561643        32.00
       2.005     0.971875       563444        35.56
       2.026     0.975000       565213        40.00
       2.051     0.978125       567083        45.71
       2.077     0.981250       568895        53.33
       2.107     0.984375       570637        64.00
       2.123     0.985938       571565        71.11
       2.141     0.987500       572473        80.00
       2.159     0.989062       573368        91.43
       2.179     0.990625       574282       106.67
       2.203     0.992188       575183       128.00
       2.215     0.992969       575603       142.22
       2.229     0.993750       576074       160.00
       2.247     0.994531       576539       182.86
       2.267     0.995313       576984       213.33
       2.291     0.996094       577416       256.00
       2.307     0.996484       577656       284.44
       2.323     0.996875       577896       320.00
       2.337     0.997266       578095       365.71
       2.359     0.997656       578329       426.67
       2.381     0.998047       578563       512.00
       2.395     0.998242       578669       568.89
       2.409     0.998437       578774       640.00
       2.431     0.998633       578890       731.43
       2.453     0.998828       579001       853.33
       2.493     0.999023       579113      1024.00
       2.525     0.999121       579169      1137.78
       2.615     0.999219       579224      1280.00
       2.765     0.999316       579280      1462.86
       3.013     0.999414       579339      1706.67
       3.339     0.999512       579393      2048.00
       3.521     0.999561       579422      2275.56
       3.729     0.999609       579450      2560.00
       3.909     0.999658       579478      2925.71
       4.187     0.999707       579507      3413.33
       4.443     0.999756       579536      4096.00
       4.587     0.999780       579549      4551.11
       4.755     0.999805       579563      5120.00
       4.935     0.999829       579577      5851.43
       5.143     0.999854       579592      6826.67
       5.267     0.999878       579606      8192.00
       5.367     0.999890       579613      9102.22
       5.583     0.999902       579620     10240.00
       5.779     0.999915       579627     11702.86
       5.847     0.999927       579634     13653.33
       6.207     0.999939       579641     16384.00
       6.343     0.999945       579645     18204.44
       6.471     0.999951       579648     20480.00
       6.823     0.999957       579652     23405.71
       6.899     0.999963       579656     27306.67
       7.203     0.999969       579659     32768.00
       7.235     0.999973       579661     36408.89
       7.327     0.999976       579662     40960.00
       7.351     0.999979       579664     46811.43
       7.511     0.999982       579666     54613.33
       7.619     0.999985       579668     65536.00
       7.643     0.999986       579669     72817.78
       7.643     0.999988       579669     81920.00
       7.835     0.999989       579670     93622.86
       7.839     0.999991       579671    109226.67
       8.039     0.999992       579672    131072.00
       8.055     0.999993       579673    145635.56
       8.055     0.999994       579673    163840.00
       8.055     0.999995       579673    187245.71
       8.375     0.999995       579674    218453.33
       8.375     0.999996       579674    262144.00
       9.135     0.999997       579675    291271.11
       9.135     0.999997       579675    327680.00
       9.135     0.999997       579675    374491.43
       9.135     0.999998       579675    436906.67
       9.135     0.999998       579675    524288.00
      11.551     0.999998       579676    582542.22
      11.551     1.000000       579676          inf
#[Mean    =        1.159, StdDeviation   =        0.465]
#[Max     =       11.544, Total count    =       579676]
#[Buckets =           27, SubBuckets     =         2048]
----------------------------------------------------------
  599873 requests in 5.00m, 42.10MB read
  Non-2xx or 3xx responses: 1
Requests/sec:   1999.57
Transfer/sec:    143.71KB
