Running 50s test @ http://localhost:8080
  2 threads and 10 connections
  Thread calibration: mean lat.: 2.334ms, rate sampling interval: 10ms
  Thread calibration: mean lat.: 2.284ms, rate sampling interval: 10ms
  Thread Stats   Avg      Stdev     Max   +/- Stdev
    Latency     2.48ms  697.60us  17.78ms   71.85%
    Req/Sec   527.00     88.11     0.89k    79.36%
  Latency Distribution (HdrHistogram - Recorded Latency)
 50.000%    2.44ms
 75.000%    2.88ms
 90.000%    3.30ms
 99.000%    4.28ms
 99.900%    7.04ms
 99.990%   10.46ms
 99.999%   17.79ms
100.000%   17.79ms

  Detailed Percentile spectrum:
       Value   Percentile   TotalCount 1/(1-Percentile)

       0.688     0.000000            1         1.00
       1.647     0.100000         4003         1.11
       1.903     0.200000         7995         1.25
       2.103     0.300000        11997         1.43
       2.275     0.400000        16010         1.67
       2.437     0.500000        20004         2.00
       2.517     0.550000        21994         2.22
       2.601     0.600000        24014         2.50
       2.689     0.650000        26001         2.86
       2.781     0.700000        27986         3.33
       2.883     0.750000        29986         4.00
       2.939     0.775000        30992         4.44
       2.997     0.800000        31980         5.00
       3.063     0.825000        33004         5.71
       3.133     0.850000        34003         6.67
       3.209     0.875000        34997         8.00
       3.253     0.887500        35478         8.89
       3.301     0.900000        35979        10.00
       3.359     0.912500        36484        11.43
       3.419     0.925000        36983        13.33
       3.497     0.937500        37477        16.00
       3.541     0.943750        37731        17.78
       3.585     0.950000        37983        20.00
       3.641     0.956250        38229        22.86
       3.701     0.962500        38479        26.67
       3.771     0.968750        38728        32.00
       3.815     0.971875        38855        35.56
       3.863     0.975000        38977        40.00
       3.911     0.978125        39102        45.71
       3.987     0.981250        39226        53.33
       4.063     0.984375        39354        64.00
       4.107     0.985938        39418        71.11
       4.151     0.987500        39475        80.00
       4.219     0.989062        39540        91.43
       4.307     0.990625        39601       106.67
       4.415     0.992188        39662       128.00
       4.495     0.992969        39693       142.22
       4.579     0.993750        39726       160.00
       4.703     0.994531        39756       182.86
       4.919     0.995313        39787       213.33
       5.119     0.996094        39818       256.00
       5.263     0.996484        39834       284.44
       5.443     0.996875        39850       320.00
       5.639     0.997266        39865       365.71
       5.919     0.997656        39881       426.67
       6.127     0.998047        39896       512.00
       6.271     0.998242        39904       568.89
       6.583     0.998437        39912       640.00
       6.651     0.998633        39921       731.43
       6.755     0.998828        39928       853.33
       7.051     0.999023        39935      1024.00
       7.103     0.999121        39939      1137.78
       7.307     0.999219        39943      1280.00
       7.495     0.999316        39947      1462.86
       7.727     0.999414        39951      1706.67
       7.827     0.999512        39955      2048.00
       7.883     0.999561        39957      2275.56
       7.995     0.999609        39959      2560.00
       8.087     0.999658        39961      2925.71
       8.287     0.999707        39963      3413.33
       8.391     0.999756        39965      4096.00
       8.407     0.999780        39966      4551.11
       8.903     0.999805        39967      5120.00
       8.991     0.999829        39968      5851.43
       9.599     0.999854        39969      6826.67
      10.463     0.999878        39970      8192.00
      10.463     0.999890        39970      9102.22
      10.823     0.999902        39971     10240.00
      10.823     0.999915        39971     11702.86
      11.143     0.999927        39972     13653.33
      11.143     0.999939        39972     16384.00
      11.143     0.999945        39972     18204.44
      14.671     0.999951        39973     20480.00
      14.671     0.999957        39973     23405.71
      14.671     0.999963        39973     27306.67
      14.671     0.999969        39973     32768.00
      14.671     0.999973        39973     36408.89
      17.791     0.999976        39974     40960.00
      17.791     1.000000        39974          inf
#[Mean    =        2.476, StdDeviation   =        0.698]
#[Max     =       17.776, Total count    =        39974]
#[Buckets =           27, SubBuckets     =         2048]
----------------------------------------------------------
  49994 requests in 50.00s, 3.19MB read
Requests/sec:    999.83
Transfer/sec:     65.42KB
