wrk -t4 -c100 -d20m -R3000 -s /home/valaubr/GitDirs/2020-highload-dht/wrkAndProfile/scripts/get.lua --latency http://127.0.0.1:8080
Running 20m test @ http://127.0.0.1:8080
  4 threads and 100 connections
  Thread calibration: mean lat.: 81.207ms, rate sampling interval: 628ms
  Thread calibration: mean lat.: 14.568ms, rate sampling interval: 69ms
  Thread calibration: mean lat.: 85.918ms, rate sampling interval: 703ms
  Thread calibration: mean lat.: 64.366ms, rate sampling interval: 538ms
  Thread Stats   Avg      Stdev     Max   +/- Stdev
    Latency     1.71ms    1.23ms  56.00ms   93.24%
    Req/Sec   200.94     39.86   284.00     77.58%
  Latency Distribution (HdrHistogram - Recorded Latency)
 50.000%    1.48ms
 75.000%    1.82ms
 90.000%    2.64ms
 99.000%    5.93ms
 99.900%   16.53ms
 99.990%   30.45ms
 99.999%   44.67ms
100.000%   56.03ms

  Detailed Percentile spectrum:
       Value   Percentile   TotalCount 1/(1-Percentile)

       0.618     0.000000            1         1.00
       0.930     0.100000       114344         1.11
       1.092     0.200000       229331         1.25
       1.204     0.300000       343526         1.43
       1.344     0.400000       457167         1.67
       1.484     0.500000       571735         2.00
       1.536     0.550000       628516         2.22
       1.599     0.600000       685879         2.50
       1.668     0.650000       742877         2.86
       1.741     0.700000       800107         3.33
       1.822     0.750000       856912         4.00
       1.900     0.775000       885414         4.44
       2.055     0.800000       914061         5.00
       2.199     0.825000       942471         5.71
       2.327     0.850000       971015         6.67
       2.469     0.875000       999588         8.00
       2.549     0.887500      1013817         8.89
       2.639     0.900000      1028260        10.00
       2.747     0.912500      1042353        11.43
       2.867     0.925000      1056725        13.33
       2.991     0.937500      1070997        16.00
       3.059     0.943750      1078097        17.78
       3.137     0.950000      1085257        20.00
       3.227     0.956250      1092341        22.86
       3.335     0.962500      1099480        26.67
       3.487     0.968750      1106631        32.00
       3.579     0.971875      1110158        35.56
       3.693     0.975000      1113729        40.00
       3.835     0.978125      1117344        45.71
       4.025     0.981250      1120869        53.33
       4.383     0.984375      1124431        64.00
       4.651     0.985938      1126214        71.11
       5.047     0.987500      1128005        80.00
       5.583     0.989062      1129791        91.43
       6.199     0.990625      1131578       106.67
       6.947     0.992188      1133355       128.00
       7.371     0.992969      1134251       142.22
       7.859     0.993750      1135148       160.00
       8.423     0.994531      1136037       182.86
       9.111     0.995313      1136924       213.33
      10.007     0.996094      1137823       256.00
      10.487     0.996484      1138266       284.44
      11.039     0.996875      1138711       320.00
      11.671     0.997266      1139155       365.71
      12.383     0.997656      1139605       426.67
      13.167     0.998047      1140049       512.00
      13.655     0.998242      1140270       568.89
      14.343     0.998437      1140495       640.00
      14.943     0.998633      1140716       731.43
      15.767     0.998828      1140940       853.33
      16.623     0.999023      1141163      1024.00
      17.119     0.999121      1141275      1137.78
      17.711     0.999219      1141385      1280.00
      18.543     0.999316      1141498      1462.86
      19.503     0.999414      1141609      1706.67
      20.495     0.999512      1141720      2048.00
      21.103     0.999561      1141776      2275.56
      21.999     0.999609      1141831      2560.00
      22.719     0.999658      1141888      2925.71
      23.679     0.999707      1141943      3413.33
      24.959     0.999756      1141999      4096.00
      25.455     0.999780      1142028      4551.11
      26.191     0.999805      1142056      5120.00
      27.199     0.999829      1142082      5851.43
      28.207     0.999854      1142110      6826.67
      29.167     0.999878      1142138      8192.00
      29.903     0.999890      1142152      9102.22
      30.559     0.999902      1142167     10240.00
      31.535     0.999915      1142180     11702.86
      32.479     0.999927      1142194     13653.33
      33.279     0.999939      1142208     16384.00
      33.823     0.999945      1142215     18204.44
      35.487     0.999951      1142223     20480.00
      36.831     0.999957      1142229     23405.71
      38.975     0.999963      1142236     27306.67
      39.711     0.999969      1142243     32768.00
      40.159     0.999973      1142246     36408.89
      41.151     0.999976      1142250     40960.00
      42.143     0.999979      1142253     46811.43
      42.687     0.999982      1142257     54613.33
      42.879     0.999985      1142260     65536.00
      44.191     0.999986      1142262     72817.78
      44.287     0.999988      1142264     81920.00
      44.415     0.999989      1142265     93622.86
      45.119     0.999991      1142267    109226.67
      47.263     0.999992      1142269    131072.00
      48.383     0.999993      1142270    145635.56
      50.079     0.999994      1142272    163840.00
      50.079     0.999995      1142272    187245.71
      50.079     0.999995      1142272    218453.33
      51.103     0.999996      1142273    262144.00
      52.287     0.999997      1142275    291271.11
      52.287     0.999997      1142275    327680.00
      52.287     0.999997      1142275    374491.43
      52.287     0.999998      1142275    436906.67
      52.287     0.999998      1142275    524288.00
      52.479     0.999998      1142276    582542.22
      52.479     0.999998      1142276    655360.00
      52.479     0.999999      1142276    748982.86
      52.479     0.999999      1142276    873813.33
      52.479     0.999999      1142276   1048576.00
      56.031     0.999999      1142277   1165084.44
      56.031     1.000000      1142277          inf
#[Mean    =        1.707, StdDeviation   =        1.230]
#[Max     =       56.000, Total count    =      1142277]
#[Buckets =           27, SubBuckets     =         2048]
----------------------------------------------------------
  1152232 requests in 20.00m, 92.30MB read
  Socket errors: connect 0, read 0, write 0, timeout 40672
Requests/sec:    960.19
Transfer/sec:     78.76KB 
