 
wrk -t4 -c100 -d20m -R3000 -s /home/valaubr/GitDirs/2020-highload-dht/wrkAndProfile/scripts/put.lua --latency http://127.0.0.1:8080
Running 20m test @ http://127.0.0.1:8080
  4 threads and 100 connections
  Thread calibration: mean lat.: 1.111ms, rate sampling interval: 10ms
  Thread calibration: mean lat.: 1.113ms, rate sampling interval: 10ms
  Thread calibration: mean lat.: 1.101ms, rate sampling interval: 10ms
  Thread calibration: mean lat.: 1.105ms, rate sampling interval: 10ms
  Thread Stats   Avg      Stdev     Max   +/- Stdev
    Latency     1.11ms  603.31us  39.84ms   82.12%
    Req/Sec   791.68    111.86     2.11k    79.98%
  Latency Distribution (HdrHistogram - Recorded Latency)
 50.000%    1.08ms
 75.000%    1.39ms
 90.000%    1.67ms
 99.000%    2.32ms
 99.900%    8.28ms
 99.990%   13.25ms
 99.999%   23.12ms
100.000%   39.87ms

  Detailed Percentile spectrum:
       Value   Percentile   TotalCount 1/(1-Percentile)

       0.065     0.000000            1         1.00
       0.520     0.100000       358301         1.11
       0.683     0.200000       714599         1.25
       0.825     0.300000      1072546         1.43
       0.955     0.400000      1429591         1.67
       1.078     0.500000      1784940         2.00
       1.139     0.550000      1965595         2.22
       1.198     0.600000      2142435         2.50
       1.258     0.650000      2321379         2.86
       1.320     0.700000      2499183         3.33
       1.387     0.750000      2679109         4.00
       1.422     0.775000      2766501         4.44
       1.461     0.800000      2855831         5.00
       1.504     0.825000      2945145         5.71
       1.553     0.850000      3035369         6.67
       1.608     0.875000      3124526         8.00
       1.638     0.887500      3168140         8.89
       1.671     0.900000      3212723        10.00
       1.708     0.912500      3257498        11.43
       1.749     0.925000      3302466        13.33
       1.796     0.937500      3346742        16.00
       1.823     0.943750      3369364        17.78
       1.853     0.950000      3391809        20.00
       1.886     0.956250      3413788        22.86
       1.925     0.962500      3435851        26.67
       1.973     0.968750      3458350        32.00
       2.000     0.971875      3469239        35.56
       2.031     0.975000      3480378        40.00
       2.067     0.978125      3491769        45.71
       2.109     0.981250      3502986        53.33
       2.161     0.984375      3513957        64.00
       2.195     0.985938      3519593        71.11
       2.233     0.987500      3525110        80.00
       2.281     0.989062      3530582        91.43
       2.349     0.990625      3536165       106.67
       2.463     0.992188      3541749       128.00
       2.569     0.992969      3544525       142.22
       2.775     0.993750      3547310       160.00
       3.107     0.994531      3550097       182.86
       3.513     0.995313      3552890       213.33
       4.045     0.996094      3555681       256.00
       4.375     0.996484      3557081       284.44
       4.731     0.996875      3558477       320.00
       5.155     0.997266      3559862       365.71
       5.683     0.997656      3561261       426.67
       6.259     0.998047      3562656       512.00
       6.587     0.998242      3563346       568.89
       6.955     0.998437      3564046       640.00
       7.375     0.998633      3564744       731.43
       7.815     0.998828      3565437       853.33
       8.343     0.999023      3566136      1024.00
       8.615     0.999121      3566488      1137.78
       8.911     0.999219      3566836      1280.00
       9.191     0.999316      3567178      1462.86
       9.559     0.999414      3567532      1706.67
       9.919     0.999512      3567878      2048.00
      10.127     0.999561      3568051      2275.56
      10.399     0.999609      3568229      2560.00
      10.671     0.999658      3568404      2925.71
      10.951     0.999707      3568575      3413.33
      11.287     0.999756      3568749      4096.00
      11.471     0.999780      3568836      4551.11
      11.711     0.999805      3568922      5120.00
      11.991     0.999829      3569013      5851.43
      12.279     0.999854      3569100      6826.67
      12.711     0.999878      3569183      8192.00
      13.039     0.999890      3569226      9102.22
      13.295     0.999902      3569270     10240.00
      13.655     0.999915      3569313     11702.86
      14.199     0.999927      3569357     13653.33
      14.823     0.999939      3569401     16384.00
      15.167     0.999945      3569423     18204.44
      15.623     0.999951      3569444     20480.00
      16.159     0.999957      3569466     23405.71
      17.071     0.999963      3569488     27306.67
      17.791     0.999969      3569510     32768.00
      18.159     0.999973      3569520     36408.89
      18.767     0.999976      3569531     40960.00
      19.375     0.999979      3569542     46811.43
      20.271     0.999982      3569553     54613.33
      21.567     0.999985      3569564     65536.00
      21.919     0.999986      3569569     72817.78
      22.383     0.999988      3569575     81920.00
      22.687     0.999989      3569580     93622.86
      23.439     0.999991      3569586    109226.67
      24.095     0.999992      3569591    131072.00
      24.591     0.999993      3569594    145635.56
      24.863     0.999994      3569597    163840.00
      25.103     0.999995      3569599    187245.71
      26.047     0.999995      3569602    218453.33
      26.319     0.999996      3569605    262144.00
      27.151     0.999997      3569606    291271.11
      29.439     0.999997      3569608    327680.00
      29.679     0.999997      3569609    374491.43
      30.159     0.999998      3569610    436906.67
      31.167     0.999998      3569612    524288.00
      31.167     0.999998      3569612    582542.22
      31.199     0.999998      3569613    655360.00
      33.503     0.999999      3569614    748982.86
      33.503     0.999999      3569614    873813.33
      35.967     0.999999      3569615   1048576.00
      35.967     0.999999      3569615   1165084.44
      36.351     0.999999      3569616   1310720.00
      36.351     0.999999      3569616   1497965.71
      36.351     0.999999      3569616   1747626.67
      36.479     1.000000      3569617   2097152.00
      36.479     1.000000      3569617   2330168.89
      36.479     1.000000      3569617   2621440.00
      36.479     1.000000      3569617   2995931.43
      36.479     1.000000      3569617   3495253.33
      39.871     1.000000      3569618   4194304.00
      39.871     1.000000      3569618          inf
#[Mean    =        1.113, StdDeviation   =        0.603]
#[Max     =       39.840, Total count    =      3569618]
#[Buckets =           27, SubBuckets     =         2048]
----------------------------------------------------------
  3599863 requests in 20.00m, 284.95MB read
Requests/sec:   2999.89
Transfer/sec:    243.15KB
