$ wrk2 -t 4 -c 16 -L -d60s -s wrk_scripts/get.lua http://localhost:8080 -R 1000

Running 1m test @ http://localhost:8080
  4 threads and 16 connections
  Thread calibration: mean lat.: 6.041ms, rate sampling interval: 18ms
  Thread calibration: mean lat.: 6.055ms, rate sampling interval: 17ms
  Thread calibration: mean lat.: 6.675ms, rate sampling interval: 19ms
  Thread calibration: mean lat.: 5.762ms, rate sampling interval: 16ms
  Thread Stats   Avg      Stdev     Max   +/- Stdev
    Latency    13.90ms   27.30ms 385.28ms   94.47%
    Req/Sec   257.21     45.04   470.00     70.16%
  Latency Distribution (HdrHistogram - Recorded Latency)
 50.000%    7.28ms
 75.000%   10.53ms
 90.000%   15.73ms
 99.000%  161.66ms
 99.900%  345.86ms
 99.990%  380.42ms
 99.999%  385.54ms
100.000%  385.54ms

  Detailed Percentile spectrum:
       Value   Percentile   TotalCount 1/(1-Percentile)

       3.581     0.000000            1         1.00
       5.195     0.100000         5023         1.11
       5.851     0.200000        10015         1.25
       6.403     0.300000        15001         1.43
       6.847     0.400000        20024         1.67
       7.279     0.500000        24995         2.00
       7.547     0.550000        27497         2.22
       7.883     0.600000        30004         2.50
       8.367     0.650000        32493         2.86
       9.191     0.700000        34992         3.33
      10.527     0.750000        37486         4.00
      11.311     0.775000        38733         4.44
      11.967     0.800000        39983         5.00
      12.487     0.825000        41246         5.71
      13.023     0.850000        42496         6.67
      13.743     0.875000        43730         8.00
      14.367     0.887500        44354         8.89
      15.735     0.900000        44978        10.00
      19.279     0.912500        45604        11.43
      25.743     0.925000        46228        13.33
      34.463     0.937500        46853        16.00
      40.223     0.943750        47164        17.78
      47.583     0.950000        47479        20.00
      55.679     0.956250        47790        22.86
      63.903     0.962500        48102        26.67
      73.663     0.968750        48415        32.00
      77.887     0.971875        48570        35.56
      84.351     0.975000        48726        40.00
      94.463     0.978125        48882        45.71
     107.135     0.981250        49039        53.33
     125.375     0.984375        49195        64.00
     135.167     0.985938        49273        71.11
     143.999     0.987500        49351        80.00
     154.495     0.989062        49429        91.43
     164.735     0.990625        49507       106.67
     173.823     0.992188        49585       128.00
     179.071     0.992969        49625       142.22
     183.295     0.993750        49663       160.00
     188.159     0.994531        49703       182.86
     195.199     0.995313        49742       213.33
     202.111     0.996094        49780       256.00
     210.303     0.996484        49800       284.44
     215.423     0.996875        49819       320.00
     220.671     0.997266        49839       365.71
     227.327     0.997656        49858       426.67
     259.583     0.998047        49878       512.00
     277.503     0.998242        49888       568.89
     306.431     0.998437        49897       640.00
     325.631     0.998633        49907       731.43
     339.455     0.998828        49918       853.33
     348.159     0.999023        49927      1024.00
     352.255     0.999121        49932      1137.78
     354.559     0.999219        49936      1280.00
     356.863     0.999316        49941      1462.86
     359.167     0.999414        49946      1706.67
     361.471     0.999512        49951      2048.00
     363.519     0.999561        49954      2275.56
     364.031     0.999609        49956      2560.00
     365.055     0.999658        49958      2925.71
     366.079     0.999707        49961      3413.33
     366.847     0.999756        49963      4096.00
     368.127     0.999780        49965      4551.11
     369.407     0.999805        49966      5120.00
     373.759     0.999829        49967      5851.43
     376.063     0.999854        49968      6826.67
     378.879     0.999878        49969      8192.00
     380.415     0.999890        49970      9102.22
     381.695     0.999902        49971     10240.00
     381.695     0.999915        49971     11702.86
     383.743     0.999927        49972     13653.33
     383.743     0.999939        49972     16384.00
     384.255     0.999945        49973     18204.44
     384.255     0.999951        49973     20480.00
     384.255     0.999957        49973     23405.71
     384.767     0.999963        49974     27306.67
     384.767     0.999969        49974     32768.00
     384.767     0.999973        49974     36408.89
     384.767     0.999976        49974     40960.00
     384.767     0.999979        49974     46811.43
     385.535     0.999982        49975     54613.33
     385.535     1.000000        49975          inf
#[Mean    =       13.898, StdDeviation   =       27.295]
#[Max     =      385.280, Total count    =        49975]
#[Buckets =           27, SubBuckets     =         2048]
----------------------------------------------------------
  59992 requests in 1.00m, 4.10MB read
Requests/sec:    999.83
Transfer/sec:     69.90KB
